Line Number,Sentence
1,குமரவேலன் இனியமுது பதிப்பகம் சென்னை .,False
2,நூற் குறிப்பு நூற்பெயர் உரைவேந்தர் தமிழ்த்தொகை ஆசிரியர் ஒளவை துரைசாமி பதிப்பாளர் இ.,False
3,அட்டை ஓவியம் ஓவியர் மருது அட்டை வடிவமைப்பு வ.,False
4,"மலர் அச்சிட்டோர் ஸ்ரீ வெங்கடேசுவரா ஆப்செட் பிரிண்டர்சு இராயப்பேட்டை, சென்னை .",False
5,"வெளியீடு இனியமுது பதிப்பகம் பி. குல்மொகர் குடியிருப்பு, செவாலிய சிவாசி கணேசன் சாலை, தியாகராயர் நகர், சென்னை .",False
6,பதிப்புரை ஒளவை சு.துரைசாமிப் பிள்ளை தமது ஓய்வறியா உழைப்பால் தமிழ் ஆய்வுக் களத்தில் உயர்ந்து நின்றவர்.,False
7,ஆம் நூற்றாண்டில் தமிழ் மறுமலர்ச்சிக்கு புத்துயிர் ஊட்டிய தமிழ்ச் சான்றோர்களுள் முன் வரிசையில் நிற்பவர்.,False
8,"நற்றிணை, புறநானூறு, ஐங்குறுநூறு, பதிற்றுப்பத்து ஆகிய சங்க நூற் செல்வங்களுக்கு உரைவளம் கண்டவர்.",False
9,சைவ பெருங்கடலில் மூழ்கித் திளைத்தவர்.,False
10,உரைவேந்தர் என்று தமிழுலகம் போற்றிப் புகழப்பட்ட ஒளவை சு.துரைசாமிப் பிள்ளை இல் பிறந்து இல் மறைந்தார்.,False
11,வாழ்ந்த ஆண்டுகள் .,False
12,எழுதிய நூல்கள் .,False
13,இதனை பொருள் வழிப் பிரித்து உரைவேந்தர் தமிழ்த்தொகை எனும் தலைப்பில் தொகுதிகளாக வெளியிட்டுள்ளோம்.,False
14,இவருடைய நூல்களில் எம் கைக்குக் கிடைக்கப் பெறாத நூல்கள் .,False
15,மற்றும் இவர் எழுதிய திருவருட்பா நூல்களும் இத் தொகுதிகளில் இடம் பெறவில்லை.,False
16,அவர் காலத்தில் வாழ்ந்த சமகால அறிஞர்களால் போற்றிப் புகழப் பட்டவர்.,False
17,சைவ உலகில் தனக்கெனத் தனியிடத்தைப் பெற்றவர்.,False
18,இவர்கள் இத் தமிழ்த்தொகைக்கு தக்க மதிப்புரையும் அளித்து எங்களுக்குப் பெருமைச் சேர்த்து உள்ளனர்.,False
19,தமிழ் நூல் பதிப்பில் எங்களின் இந்த அரிய முயற்சிக்குத் தோள் தந்து உதவுங்கள்.,False
20,நன்றி பதிப்பாளர் பேருரை வரைந்த பெருந்தமிழ்க் கடல்!,False
21,வாக்கு நயங்காட்டிச் செவிக்குத்தேன் தந்த தாலே நக்கீரர்தான் தாங்கள் இந்த நாளில் கயன்மன்னர் தொழுதமொழி காத்ததனால் தொல் காப்பியர்தான்!,False
22,காப்பியர்தான் தாங்கள்!,False
23,எங்கும் தயங்காமல் சென்றுதமிழ் வளர்த்த தாலே தாங்கள்அவ்ஒளவைதான்!,False
24,"ஒளவை யேதான்! என்று புகழ்ந்ததோடு, அதியன்தான் இன்றில்லை இருந்தி ருந்தால் அடடாவோ ஈதென்ன விந்தை!",False
25,தூயசங்கத் தமிழ் நடையை எழுத்து வன்மையிலும் சொல்வன்மையிலும் ஒருங்கு பேணிய தனித் தமிழ்ப்பண்பு ஒளவையின் அறிவாண்மைக்குக் கட்டியங் கூறும்.,False
26,"எட்டுத் தொகையுள் ஐங்குறுநூறு, நற்றிணை, புறநானூறு, பதிற்றுப்பத்து என்ற நான்கு தொகை நூல்கட்கும் உரைவிளக்கம் செய்தார்.",False
27,இவ்வுரை விளக்கங்களில் வரலாற்றுக் குறிப்பும் கல்வெட்டுக் குறிப்பும் மண்டிக் கிடக்கின்றன.,False
28,ஐங்குறு நூற்றுச் செய்யுட்களை இந்நூற்றாண்டின் மரவியல் விலங்கியல் அறிவு தழுவி நுட்பமாக விளக்கிய உரைத்திறன் பக்கந்தோறும் பளிச்சிடக் காணலாம்.,False
29,"உரை எழுதுவதற்கு முன், ஏடுகள் தேடி மூலபாடம் தேர்ந்து தெரிந்து வரம்பு செய்துகோடல் இவர்தம் உரையொழுங்காகும்.",False
30,தமிழ் இலக்கிய வரலாற்றில் நான்கு சங்கத் தொகை நூல்கட்கு உரைகண்டவர் என்ற தனிப்பெருமையர் மூதறிஞர் ஒளவை துரைசாமி ஆவார்.,False
31,இதனால் உரைவேந்தர் என்னும் சிறப்புப் பெயரை மதுரை திருவள்ளுவர் கழகம் வழங்கிற்று.,False
32,"சிலப்பதிகாரம், மணிமேகலை, சீவகசிந்தாமணி, சூளாமணி, யசோதர காவியம் என்னும் ஐந்து காப்பியங்களின் இலக்கிய முத்துக்களை ஒளிவீசச் செய்தவர்.",False
33,உரைவேந்தர் உரை வரையும் முறை ஓரு தனிச்சிறப்பு வாய்ந்தது.,False
34,"இவ்வாறு பாட்டின் முன்னுரை அமைவதால், படிப்போர் உள்ளத்தில் அப்பாட்டைப் படித்து மகிழ வேண்டும் என்ற அவா எழுந்து தூண்டுகிறது.",False
35,பாட்டுக்களம் இனிது படிப்பதற்கேற்ற உரிய இடத்தில் சொற்களைப் பிரித்து அச்சிட்டிருப்பது இக்காலத்து ஒத்த முறையாகும்.,False
36,அதனால் இரண்டாயிரம் ஆண்டுகட்கு முன் தோன்றிய நற்றிணையின் அருமைப்பாடு ஓரளவு எளிமை எய்துகிறது.,False
37,"இலக்கணநூற் பெரும்பரப்பும் இலக்கியநூற் பெருங்கடலும் எல்லாம் ஆய்ந்து, கலக்கமறத் துறைபோகக் கற்றுணர்ந்த பெரும்புலமைக் கல்வி யாளர்!",False
38,"கலைப்பொலிவும், கருத்துத்தெளிவும், பொதுநோக்கும் பொலிந்த நம் உரைவேந்தர், வள்ளலாரின் திருவருட்பா முழுமைக்கும் பேருரைகண்ட பெருஞ்செல்வம்.",False
39,இஃது தமிழ்ப் பேழைக்குத் தாங்கொணா அருட்செல்வமாகும்.,False
40,"இனியமுது பதிப்பக உரிமையாளர், தமிழ்மண் பதிப்பகத்தின் உரிமையாளர் கோ.இளவழகனாரின் அருந்தவப்புதல்வி இ.தமிழமுது ஆவார்.",False
41,தமிழ்மண் பதிப்பகம் அவர்தம் நெஞ்சக் கனலுக்கு வழிகோலுவதாகும்.,False
42,இப்பதிப்புப் புதையலை பொற்குவியலை தமிழுலகம் இரு கையேந்தி வரவேற்கும் என்றே கருதுகிறோம்.,False
43,சங்க நூல்களுக்குச் செம்மையான உரை தீட்டிய முதல் தமிழர் இவர் என்று பெருமிதம் கொள்ளலாம்.,False
44,தமிழும் சைவமும் தம் இருகண்களாகக் கொண்டு இறுதிவரை செயற்பட்டவர்.,False
45,செந்தமிழ் அவர் எழுதட்டும் என்று காத்திருப்பதுபோல் அருவியெனக் கொட்டும்.,False
46,நினைவாற்றலில் வல்லவராதலால் எழுந்து சென்று வேறு நூல்களைப் பக்கம் புரட்டி பார்க்க வேண்டும் என்னும் நிலை அவருக்கிருந்ததில்லை.,False
47,எந்தெந்த நூல்களுக்குச் செம்மையான உரையில்லையோ அவற்றிற்கே உரையெழுதுவது என்னும் கொள்கை உடையவர் அவர்.,False
48,சைவ மாநாடுகளுக்குத் தலைமை தாங்கிச் சொற்பொழிவுகள் நிகழ்த்தினார்.,False
49,தம் உரைகள் பலவற்றைக் கட்டுரைகள் ஆக்கினார்.,False
50,"செந்தமிழ்ச் செல்வி, செந்தமிழ், குமரகுருபரன், சித்தாந்தம் முதலான பல இதழ்களுக்குக் கட்டுரைகளை வழங்கினார்.",False
51,"பெருந்தகைப் பெண்டிர், மதுரைக் குமரனார், ஒளவைத் தமிழ், பரணர் முதலான கட்டுரை நூல்களை எழுதினார்.",False
52,அவர் ஆராய்ச்சித் திறனுக்குச் சான்றாக விளங்கும் நூல் பண்டை நாளைச் சேரமன்னர் வரலாறு என்னும் ஆய்வு நூலாகும்.,False
53,அண்ணாமலைப் பல்கலைக் கழகத்தில் ஒளவை பணியாற்றியபோது ஆராய்ந்தெழுதிய சைவ சமய இலக்கிய வரலாறு அத்துறையில் இணையற்றதாக இன்றும் விளங்குகிறது.,False
54,சங்க நூல்களுக்கு ஒளவை வரைந்த உரை கற்றோர் அனைவருடைய நெஞ்சையும் கவர்ந்ததாகும்.,False
55,ஒவ்வொரு பாட்டையும் அலசி ஆராயும் பண்புடையவர் அவர்.,False
56,முன்னைய உரையாசிரியர்கள் பிழைபட்டிருப்பின் தயங்காது மறுப்புரை தருவர்.,False
57,தக்க பாட வேறுபாடுகளைத் தேர்ந்தெடுத்து மூலத்தைச் செம்மைப்படுத்துவதில் அவருக்கு இணையானவர் எவருமிலர்.,False
58,உழுதசால் வழியே உழும் இழுதை நெஞ்சினர் அல்லர்.,False
59,பெரும்பாலும் பழமைக்கு அமைதி காண்பார்.,False
60,அதே நேரத்தில் புதுமைக்கும் வழி செய்வார்.,False
61,"தமிழோடு ஆங்கிலம், வடமொழி, பாலி முதலானவற்றைக் கற்றுத் தேர்ந்தவர் அவர்.",False
62,எப்போதும் ஏதேனும் ஆங்கில நூலைப் படிக்கும் இயல்புடையவர் ஒளவை அவர்கள்.,False
63,"சமய நூல்களுக்கு உரையெழுதுங்கால் வடமொழி நூல்களிலிருந்து மேற்கோள் காட்டுவதும், கருத்துகளை விளக்குவதும் அவர் இயல்பு.",False
64,"அதுமட்டுமன்றி, ஒளவை அவர்கள் சட்டநூல் நுணுக்கங்களையும் கற்றறிந்த புலமைச் செல்வர்.",False
65,ஒளவை அவர்கள் கட்டுரை புனையும் வன்மை பெற்றவர்.,False
66,கலைபயில் தெளிவு அவர்பாலுண்டு.,False
67,நுண்மாண் நுழைபுலத்தோடு அவர் தீட்டிய கட்டுரைகள் எண்ணில.,False
68,ஒளவை நடை தனிநடை.,False
69,ஒளவை ஆற்றிய அருந்தமிழ்ப் பணிகளுள் தலையாயது பழந்தமிழ் நூல்களுக்கு அறிவார்ந்த உரைகளை வகுத்துத் தந்தமையே ஆகும்.,False
70,எதனையும் காய்தல் உவத்தலின்றி சீர்தூக்கிப் பார்க்கும் நடுநிலைப் போக்கு அவரிடம் ஊன்றியிருந்த ஒரு பண்பு.,False
71,அவர் உரை சிறந்தமைந்ததற்கான காரணம் இரண்டு.,False
72,"முதலாவது, வைணவ உரைகளில் காணப்பெற்ற பதசாரம் கூறும் முறை.",False
73,தாம் உரையெழுதிய அனைத்துப் பனுவல்களிலும் காணப்பெற்ற சொற்றொடர்களை இந்தப் பதசார முறையிலே அணுகி அரிய செய்திகளை அளித்துள்ளார்.,False
74,"இரண்டாவது, சட்ட நுணுக்கங்களைத் தெரிவிக்கும் நூல்களிலமைந்த ஆய்வுரைகளும் தீர்ப்புரைகளும் அவர்தம் தமிழ் ஆய்வுக்குத் துணை நின்ற திறம்.",False
75,ஜூரிஸ்புரூடன்ஸ் லா ஆஃப் டார்ட்ஸ் முதலானவை பற்றிய ஆங்கில நூல்களைத் தாம் படித்ததோடு என்னைப் போன்றவர்களையும் படிக்க வைத்தார்.,False
76,வடமொழித் தருக்கமும் வேறுபிற அளவை நூல்களும் பல்வகைச் சமய அறிவும் அவர் உரையின் செம்மைக்குத் துணை நின்றன.,False
77,"தேவைப்படும்பொழுது உயிரியல், பயிரியல், உளவியல் துறை நூல்களிலிருந்தும் விளக்கங்களை அளிக்கத் தவறவில்லை.",False
78,இவற்றை அவர்தம் ஐங்குறுநூற்று விரிவுரை தெளிவுபடுத்தும்.,False
79,ஒளவை அவர்களின் நுட்ப உரைக்கு ஒரு சான்று காட்டலாம்.,False
80,பின்னத்தூரார் தம் உரையில் அவ்வாறே எழுதி இருந்தார்.,False
81,இந்தப் பாடலை இயற்றியவர் பாரதம் பாடிய பெருந்தேவனார்.,False
82,இவரே வேறு சில சங்கத்தொகை நூல்களுக்கும் கடவுள் வாழ்த்து இயற்றியவர்.,False
83,ஒளவை உரை அமைக்கும் பாங்கே தனித்தன்மையானது.,False
84,முதலில் பாடலைப் பாடிய ஆசிரியர் பெயர் பற்றியும் அவர்தம் ஊர்பற்றியும் விளக்கம் தருவர்.,False
85,தேவைப்பட்டால் கல்வெட்டு முதலானவற்றின் துணைகொண்டு பெயர்களைச் செம்மைப் படுத்துவர்.,False
86,தும்பி சொகினனார் இவர் ஆய்வால் தும்பைச் சொகினனார் ஆனார்.,False
87,நெடுங்கழுத்துப் பரணர் ஒளவையால் நெடுங்களத்துப் பரணர் என்றானார்.,False
88,பழைய மாற்பித்தியார் ஒளவை உரையில் மாரிப் பித்தியார் ஆக மாறினார்.,False
89,வெறிபாடிய காமக்கண்ணியார் ஒளவையின் கரம்பட்டுத் தூய்மையாகி வெறிபாடிய காமக்காணியார் ஆனார்.,False
90,இவ்வாறு எத்தனையோ சங்கப் பெயர்கள் இவரால் செம்மை அடைந்துள்ளன.,False
91,"அடுத்த நிலையில், பாடற் பின்னணிச் சூழலை நயம்பட உரையாடற் போக்கில் எழுதுவர்.",False
92,அதன் பின் பாடல் முழுதும் சீர்பிரித்துத் தரப்படும்.,False
93,"அடுத்து, பாடல் தொடர்களுக்குப் பதவுரைப் போக்கில் விளக்கம் அமையும்.",False
94,பின்னர் ஏதுக்களாலும் எடுத்துக்காட்டுகளாலும் சொற்றொடர்ப் பொருள்களை விளக்கி எழுதுவர்.,False
95,தேவைப்படும் இடங்களில் தக்க இலக்கணக் குறிப்புகளையும் மேற்கோள்களையும் தவறாது வழங்குவர்.,False
96,உள்ளுறைப் பொருள் ஏதேனும் பாடலில் இருக்குமானால் அவற்றைத் தெளிவுபடுத்துவர்.,False
97,முன்பின் வரும் பாடல் தொடர்களை நன்காய்ந்து வினைமுடிபு தருவது அவர் வழக்கம்.,False
98,"இறுதியாகப் பாடலின்கண் அமைந்த மெய்ப்பாடு ஈதென்றும், பயன் ஈதென்றும் தெளிவுபடுத்துவர்.",False
99,ஒளவையின் உரைநுட்பத்திற்கு ஒரு சான்று.,False
100,பகைவர் புல் ஆர்க என்பது ஐங்குறுநூற்று நான்காம் பாடலில் வரும் ஒரு தொடர்.,False
101,மனிதர் புல் ஆர்தல் உண்டோ என்னும் வினா எழுகிறது.,False
102,"எனவே, உரையில் பகைவர் தம் பெருமிதம் இழந்து புல்லரிசிச் சோறுண்க என விளக்கம் தருவர்.",False
103,"இக்கருத்தே கொண்டு, சேனாவரையரும் புற்றின்றல் உயர்திணைக்கு இயைபின்று எனப்படாது என்றார் என மேற்கோள் காட்டுவர்.",False
104,மற்றொரு பாட்டில் முதலைப் போத்து முழுமீன் ஆரும் என வருகிறது.,False
105,"ஒளவை இளம்பூரணர், நச்சினார்க்கினியர் முதலான பழைய உரையாசிரியர்களையும் மறுக்கும் ஆற்றல் உடையவர்.",False
106,தன் பார்ப்புத் தின்னும் அன்பில் முதலை என்னும் பாடல் தலைவனையும் வாயில்களையும் இகழ்ந்து தலைவி கூறுவதாகும்.,False
107,"ஆனால், இதனைப் பேராசிரியரும், நச்சினார்க்கினியரும் தத்தம் தொல்காப்பிய உரைகளில் தோழி கூற்று என்று தெரிவித்துள்ளனர்.",False
108,ஒளவை இவற்றை நயம்பட மறுத்து விளக்கம் கூறித் தோழி கூற்றென்றல் நிரம்பாமை அறிக என்று தெளிவுறுத்துவர்.,False
109,ஒளவை ஒவ்வொரு நூலுக்கும் எழுதிய உரைகளின் மாண்புகளை எடுத்துரைப்பின் பெருநூலாக விரியும்.,False
110,தொகுத்துக் கூற விரும்பினாலோ எஞ்சி நிற்கும்.,False
111,கற்போர் தாமே விரும்பி நுகர்ந்து துய்ப்பின் உரைத் திறன்களைக் கண்டுணர்ந்து வியந்து நிற்பர் என்பது திண்ணம்.,False
112,இப்பதிப்பகத்தின் உரிமையாளர் செல்வி இ.தமிழமுது தமிழ்மண் பதிப்பகத்தின் உரிமையாளரின் மகள் ஆவார்.,False
113,வாழ்க அவர்தம் தமிழ்ப்பணி.,False
114,வளர்க அவர்தம் தமிழ்த்தொண்டு.,False
115,உலகெங்கும் மலர்க தமிழாட்சி.,False
116,இத்தொகுப்புகள் உரைவேந்தர் தமிழ்த்தொகை எனும் தலைப்பில் இனியமுது பதிப்பகத்தின் வழியாக வெளிவருவதை வரவேற்று தமிழுலகம் தாங்கிப் பிடிக்கட்டும்.,False
117,தூக்கி நிறுத்தட்டும் என்று நெஞ்சார வாழ்த்து கிறேன்.,False
118,சங்க நூல்களுக்குச் செம்மையான உரை தீட்டிய முதல் தமிழர் இவர் என்று பெருமிதம் கொள்ளலாம்.,False
119,தமிழும் சைவமும் தம் இருகண்களாகக் கொண்டு இறுதிவரை செயற்பட்டவர்.,False
120,செந்தமிழ் அவர் எழுதட்டும் என்று காத்திருப்பதுபோல் அருவியெனக் கொட்டும்.,False
121,நினைவாற்றலில் வல்லவராதலால் எழுந்து சென்று வேறு நூல்களைப் பக்கம் புரட்டி பார்க்க வேண்டும் என்னும் நிலை அவருக்கிருந்ததில்லை.,False
122,எந்தெந்த நூல்களுக்குச் செம்மையான உரையில்லையோ அவற்றிற்கே உரையெழுதுவது என்னும் கொள்கை உடையவர் அவர்.,False
123,சைவ மாநாடுகளுக்குத் தலைமை தாங்கிச் சொற்பொழிவுகள் நிகழ்த்தினார்.,False
124,தம் உரைகள் பலவற்றைக் கட்டுரைகள் ஆக்கினார்.,False
125,"செந்தமிழ்ச் செல்வி, செந்தமிழ், குமரகுருபரன், சித்தாந்தம் முதலான பல இதழ்களுக்குக் கட்டுரைகளை வழங்கினார்.",False
126,"பெருந்தகைப் பெண்டிர், மதுரைக் குமரனார், ஒளவைத் தமிழ், பரணர் முதலான கட்டுரை நூல்களை எழுதினார்.",False
127,அவர் ஆராய்ச்சித் திறனுக்குச் சான்றாக விளங்கும் நூல் பண்டை நாளைச் சேரமன்னர் வரலாறு என்னும் ஆய்வு நூலாகும்.,False
128,அண்ணாமலைப் பல்கலைக் கழகத்தில் ஒளவை பணியாற்றியபோது ஆராய்ந்தெழுதிய சைவ சமய இலக்கிய வரலாறு அத்துறையில் இணையற்றதாக இன்றும் விளங்குகிறது.,False
129,சங்க நூல்களுக்கு ஒளவை வரைந்த உரை கற்றோர் அனைவருடைய நெஞ்சையும் கவர்ந்ததாகும்.,False
130,ஒவ்வொரு பாட்டையும் அலசி ஆராயும் பண்புடையவர் அவர்.,False
131,முன்னைய உரையாசிரியர்கள் பிழைபட்டிருப்பின் தயங்காது மறுப்புரை தருவர்.,False
132,தக்க பாட வேறுபாடுகளைத் தேர்ந்தெடுத்து மூலத்தைச் செம்மைப் படுத்துவதில் அவருக்கு இணையானவர் எவருமிலர்.,False
133,உழுதசால் வழியே உழும் இழுதை நெஞ்சினர் அல்லர்.,False
134,பெரும்பாலும் பழமைக்கு அமைதி காண்பார்.,False
135,அதே நேரத்தில் புதுமைக்கும் வழி செய்வார்.,False
136,"தமிழோடு ஆங்கிலம், வடமொழி, பாலி முதலானவற்றைக் கற்றுத் தேர்ந்தவர் அவர்.",False
137,எப்போதும் ஏதேனும் ஆங்கில நூலைப் படிக்கும் இயல்புடையவர் ஒளவை அவர்கள்.,False
138,"சமய நூல்களுக்கு உரையெழுதுங்கால் வடமொழி நூல்களிலிருந்து மேற்கோள் காட்டுவதும், கருத்துகளை விளக்குவதும் அவர் இயல்பு.",False
139,"அதுமட்டுமன்றி, ஒளவை அவர்கள் சட்டநூல் நுணுக்கங் களையும் கற்றறிந்த புலமைச் செல்வர்.",False
140,ஒளவை அவர்கள் கட்டுரை புனையும் வன்மை பெற்றவர்.,False
141,கலைபயில் தெளிவு அவர்பாலுண்டு.,False
142,நுண்மாண் நுழைபுலத்தோடு அவர் தீட்டிய கட்டுரைகள் எண்ணில.,False
143,ஒளவை நடை தனிநடை.,False
144,ஒளவை ஆற்றிய அருந்தமிழ்ப் பணிகளுள் தலையாயது பழந்தமிழ் நூல்களுக்கு அறிவார்ந்த உரைகளை வகுத்துத் தந்தமையே ஆகும்.,False
145,எதனையும் காய்தல் உவத்தலின்றி சீர்தூக்கிப் பார்க்கும் நடுநிலைப் போக்கு அவரிடம் ஊன்றியிருந்த ஒரு பண்பு.,False
146,அவர் உரை சிறந்தமைந்ததற்கான காரணம் இரண்டு.,False
147,"முதலாவது, வைணவ உரைகளில் காணப்பெற்ற பதசாரம் கூறும் முறை.",False
148,தாம் உரையெழுதிய அனைத்துப் பனுவல்களிலும் காணப்பெற்ற சொற்றொடர்களை இந்தப் பதசார முறையிலே அணுகி அரிய செய்திகளை அளித்துள்ளார்.,False
149,"இரண்டாவது, சட்ட நுணுக்கங்களைத் தெரிவிக்கும் நூல்களிலமைந்த ஆய்வுரைகளும் தீர்ப்புரைகளும் அவர்தம் தமிழ் ஆய்வுக்குத் துணை நின்ற திறம்.",False
150,ஜூரிஸ்புரூடன்ஸ் லா ஆஃப் டார்ட்ஸ் முதலானவை பற்றிய ஆங்கில நூல்களைத் தாம் படித்ததோடு என்னைப் போன்றவர்களையும் படிக்க வைத்தார்.,False
151,வடமொழித் தருக்கமும் வேறுபிற அளவை நூல்களும் பல்வகைச் சமய அறிவும் அவர் உரையின் செம்மைக்குத் துணை நின்றன.,False
152,"தேவைப்படும்பொழுது உயிரியல், பயிரியல், உளவியல் துறை நூல்களிலிருந்தும் விளக்கங்களை அளிக்கத் தவறவில்லை.",False
153,இவற்றை அவர்தம் ஐங்குறுநூற்று விரிவுரை தெளிவுபடுத்தும்.,False
154,ஒளவை அவர்களின் நுட்ப உரைக்கு ஒரு சான்று காட்டலாம்.,False
155,பின்னத்தூரார் தம் உரையில் அவ்வாறே எழுதி இருந்தார்.,False
156,இந்தப் பாடலை இயற்றியவர் பாரதம் பாடிய பெருந்தேவனார்.,False
157,இவரே வேறு சில சங்கத்தொகை நூல்களுக்கும் கடவுள் வாழ்த்து இயற்றியவர்.,False
158,ஒளவை உரை அமைக்கும் பாங்கே தனித்தன்மையானது.,False
159,முதலில் பாடலைப் பாடிய ஆசிரியர் பெயர் பற்றியும் அவர்தம் ஊர்பற்றியும் விளக்கம் தருவர்.,False
160,தேவைப்பட்டால் கல்வெட்டு முதலானவற்றின் துணைகொண்டு பெயர்களைச் செம்மைப் படுத்துவர்.,False
161,தும்பி சொகினனார் இவர் ஆய்வால் தும்பைச் சொகினனார் ஆனார்.,False
162,நெடுங்கழுத்துப் பரணர் ஒளவையால் நெடுங்களத்துப் பரணர் என்றானார்.,False
163,பழைய மாற்பித்தியார் ஒளவை உரையில் மாரிப் பித்தியார் ஆக மாறினார்.,False
164,வெறிபாடிய காமக்கண்ணியார் ஒளவையின் கரம்பட்டுத் தூய்மையாகி வெறிபாடிய காமக்காணியார் ஆனார்.,False
165,இவ்வாறு எத்தனையோ சங்கப் பெயர்கள் இவரால் செம்மை அடைந்துள்ளன.,False
166,"அடுத்த நிலையில், பாடற் பின்னணிச் சூழலை நயம்பட உரையாடற் போக்கில் எழுதுவர்.",False
167,அதன் பின் பாடல் முழுதும் சீர்பிரித்துத் தரப்படும்.,False
168,"அடுத்து, பாடல் தொடர்களுக்குப் பதவுரைப் போக்கில் விளக்கம் அமையும்.",False
169,பின்னர் ஏதுக்களாலும் எடுத்துக்காட்டுகளாலும் சொற்றொடர்ப் பொருள்களை விளக்கி எழுதுவர்.,False
170,தேவைப்படும் இடங்களில் தக்க இலக்கணக் குறிப்பு களையும் மேற்கோள்களையும் தவறாது வழங்குவர்.,False
171,உள்ளுறைப் பொருள் ஏதேனும் பாடலில் இருக்குமானால் அவற்றைத் தெளிவு படுத்துவர்.,False
172,முன்பின் வரும் பாடல் தொடர்களை நன்காய்ந்து வினைமுடிபு தருவது அவர் வழக்கம்.,False
173,"இறுதியாகப் பாடலின்கண் அமைந்த மெய்ப்பாடு ஈதென்றும், பயன் ஈதென்றும் தெளிவு படுத்துவர்.",False
174,ஒளவையின் உரைநுட்பத்திற்கு ஒரு சான்று.,False
175,பகைவர் புல் ஆர்க என்பது ஐங்குறுநூற்று நான்காம் பாடலில் வரும் ஒரு தொடர்.,False
176,மனிதர் புல் ஆர்தல் உண்டோ என்னும் வினா எழுகிறது.,False
177,"எனவே, உரையில் பகைவர் தம் பெருமிதம் இழந்து புல்லரிசிச் சோறுண்க என விளக்கம் தருவர்.",False
178,"இக்கருத்தே கொண்டு, சேனாவரையரும் புற்றின்றல் உயர்திணைக்கு இயைபின்று எனப்படாது என்றார் என மேற்கோள் காட்டுவர்.",False
179,மற்றொரு பாட்டில் முதலைப் போத்து முழுமீன் ஆரும் என வருகிறது.,False
180,"ஒளவை இளம்பூரணர், நச்சினார்க்கினியர் முதலான பழைய உரையாசிரியர்களையும் மறுக்கும் ஆற்றல் உடையவர்.",False
181,தன் பார்ப்புத் தின்னும் அன்பில் முதலை என்னும் பாடல் தலைவனையும் வாயில்களையும் இகழ்ந்து தலைவி கூறுவதாகும்.,False
182,"ஆனால், இதனைப் பேராசிரியரும், நச்சினார்க்கினியரும் தத்தம் தொல்காப்பிய உரைகளில் தோழி கூற்று என்று தெரிவித்துள்ளனர்.",False
183,ஒளவை இவற்றை நயம்பட மறுத்து விளக்கம் கூறித் தோழி கூற்றென்றல் நிரம்பாமை அறிக என்று தெளிவுறுத்துவர்.,False
184,ஒளவை ஒவ்வொரு நூலுக்கும் எழுதிய உரைகளின் மாண்புகளை எடுத்துரைப்பின் பெருநூலாக விரியும்.,False
185,தொகுத்துக் கூற விரும்பினாலோ எஞ்சி நிற்கும்.,False
186,கற்போர் தாமே விரும்பி நுகர்ந்து துய்ப்பின் உரைத் திறன்களைக் கண்டுணர்ந்து வியந்து நிற்பர் என்பது திண்ணம்.,False
187,இப்பதிப்பகத்தின் உரிமையாளர் செல்வி இ.தமிழமுது தமிழ்மண் பதிப்பகத்தின் உரிமையாளரின் மகள் ஆவார்.,False
188,வாழ்க அவர்தம் தமிழ்ப்பணி.,False
189,வளர்க அவர்தம் தமிழ்த்தொண்டு.,False
190,உலகெங்கும் மலர்க தமிழாட்சி.,False
191,இத்தொகுப்புகள் உரைவேந்தர் தமிழ்த்தொகை எனும் தலைப்பில் இனியமுது பதிப்பகத்தின் வழியாக வெளிவருவதை வரவேற்று தமிழுலகம் தாங்கிப் பிடிக்கட்டும்.,False
192,தூக்கி நிறுத்தட்டும் என்று நெஞ்சார வாழ்த்துகிறேன்.,False
193,முனைவர் இரா.குமரவேலன் உள்ளடக்கம் பதிப்புரை பேருரை வரைந்த பெருந்தமிழ்க் கடல்!,False
194,நுழைவாயில் தண்டமிழாசான் உரைவேந்தர் நூலாக்கத்திற்குத் துணை நின்றோர் நூலடக்கம் திருக்குறள் தெளிவு .,False
195,வள்ளுவர் காட்டும் சமயக்கருத்துகள் .,False
196,திருவள்ளுவரது வரலாற்று ஆராய்ச்சி .,False
197,ஏட்டிற் கண்ட குறிப்பு .,False
198,ஊழ்வினை .,False
199,உரையனுபவம் .,False
200,இறைமாட்சி .,False
201,கல்வி .,False
202,அறிவுடைமை .,False
203,தன்குறை நீக்குதல் .,False
204,தகுந்த துணை .,False
205,செயல்முறை .,False
206,தொழில் நுணுக்கம் .,False
207,தலைமைச் சிறப்பு .,False
208,சுற்றமும் பணிவும் .,False
209,நீதிமுறை .,False
210,இரக்கம் .,False
211,பிறர் மனம் அறிதல் .,False
212,ஊக்கம் .,False
213,வள்ளுவர் கண்ட இன்பம் .,False
214,முயற்சி பொதுமணித்திரள் .,False
215,புரட்சிக் கவிஞன் வாழ்க!,False
216,நாற்பது ஆண்டுகட்கு முன் நான் கண்ட மணிமொழியார் .,False
217,அறிஞர் அண்ணாவின் அடிச்சுவடு .,False
218,வியப்பிறந்த மேன்மையர் .,False
219,ஈன்ற பொழுதிற் பெரிதுவக்கும்...,False
220,புலமைப் புரவலர் .,False
221,அருள் திரு.,False
222,விபுலானந்த அடிகள் .,False
223,விபுலானந்த அடிகள் மறைந்தது குறித்துப் பாடியவை .,False
224,பாராட்டற்குரியது .,False
225,கன்றும் உதவும் கனி .,False
226,முன்னணியில் நிற்பவர் .,False
227,தலைமையானவர் .,False
228,இரு துருவங்கள் .,False
229,நிலையான அறிஞர் .,False
230,தமிழன்னையின் தனிப்பெருந் தொண்டர் .,False
231,முத்தமிழ் காவலன் கவிதை .,False
232,எழுத்தாளர் மன்றம் .,False
233,வள்ளலார் கண்ட வள்ளன்மை .,False
234,பாரத சமுதாய ஒருமை நலம் .,False
235,விஞ்ஞானம் .,False
236,எழில் உருவம் .,False
237,பண்டிதமணியின் மாண்பு .,False
238,சித்தாந்தப் பேராசிரியர் .,False
239,கரந்தைக்கவியரசு மறைவு .,False
240,வாணிக மந்திரம் .,False
241,சுந்தரகாண்டம் முதற்பகுதி மாதிரிப்பதிப்பு மதிப்புரை .,False
242,வாழ் நாள் .,False
243,கருவிலே வாய்த்த திரு .,False
244,ஞானியார் சுவாமிகள் பொன்விழாப் பாராட்டுரைகள் .,False
245,இருபெரும் தமிழறிஞர்கள் .,False
246,செய்தி மடலில் ஓர் இனிய காட்சி .,False
247,உயிர்களின் நுண்ணறிவு .,False
248,அருள் விருந்தளிக்கும் அழகரடிகள் திருக்குறள் தெளிவு கட்டுரைகள் .,False
249,வள்ளுவர் காட்டும் சமயக்கருத்துகள் ஆசிரியர் குறிப்பு இவர் பிறந்த ஊர் ஒளவையார் குப்பம்.,False
250,பிறந்த ஆண்டு .,False
251,"முறையாகத் தமிழ் பயின்ற இவர் தமிழ்மொழி, வரலாறு இரண்டிலும் பேரறிவு படைத்தவர்.",False
252,தற்பொழுது மதுரைத் தியாகராசர் கல்லூரியில் தமிழ்ப் பேராசிரியராகப் பணியாற்றி வருகின்றார்.,False
253,மொழிப் புலமையோடு சைவ சமயப் புலமையும் வல்லார்.,False
254,எழுத்தாற்ற லோடு நாநலமும் மிக்கார்.,False
255,இவருக்கு உரை வேந்தர் என்ற பட்டம் சூட்டப்பெற்றுள்ளது.,False
256,இவர் பல அரிய உரைநடை நூல்களும் தமிழக வரலாற்று நூல்களும் எழுதியுள்ளார்.,False
257,திருவள்ளுவர் அருளியுள்ள திருக்குறளைக் கற்றுணர்ந்த பழம்பெருஞ் சான்றோர்களுள் கல்லாடனார் ஒருவர்.,False
258,திருவள்ளுவ மாலையில் காணப்படும் சான்றோர்களில் கல்லாடர் என ஒருவர் காணப்படு கின்றார்.,False
259,"உயிர்கட்கு மறுபிறப்பும் வினையும் உண்டென்பதை இசுலாம், கிறித்துவம் என்ற இரண்டும் உடன்படுவதில்லை.",False
260,இந்திய சமயங்கள் அனைத்தும் இவ்விரண்டையும் இன்றியமையாச் சமயவுண்மையாகக் கொண்டுள்ளன.,False
261,தமிழகத்தின் முந்து நூல்கள் எல்லாவற்றிலும் வினையுணர்வும் மறுபிறப்புக் கொள்கையும் நிலைபெற்றுள்ளன.,False
262,அவை எக்காலத்தில் யாவரால் காணப்பட்டன என்பது வரலாறு காணாத ஒன்று.,False
263,திருவள்ளுவர் இவ்விருகொள்கைகளையும் உடன்பட்டு ஏற்ற இடங்களில் எடுத்துக் காட்டுகின்றார்.,False
264,வினையென்பது மனத்தால் நினைப்பதும் வாயாற் பேசுவதும் உடம்பால் செயல் புரிவதும் ஆகிய யாவற்றையும் குறிக்கும்.,False
265,"சமயநூல்கள் மனம், மொழி, மெய் என்ற மூன்றின் அசைவும், அசைவின்மையும் வினை என்று கூறும்.",False
266,எனவே மக்கள் செய்யும் ஓவ்வொரு செய்கையும் வினையாம் என்று அறியலாம்.,False
267,"வினைகளில் நன்மை விளைவிப்பவை நல்வினை என்றும், தீமை விளைவிப்பவை தீவினை என்றும் கூறப்படும்.",False
268,இவ்விரண்டாலும் முறையே உண்டாகும் இன்பமும் துன்பமும் வினைப்பயன் எனப்படும்.,False
269,"ஒருவினை தொடங்கும் போதே செயப்படு பொருளும் பயனும் உடன் தோன்றி, முடியுங்கால் அவ்விரண்டும் உருவாகும்.",False
270,"செயப்படு பொருளோடு பயனும் உடன் தோன்றுமாயினும், அப்பயனது நுகர்ச்சி காலம் தாழ்ந்தும் தாழாமலும் நிகழும்.",False
271,வினையால் உருப்பட்டு நுகரப்படாது நிற்கும் பயன் ஊழ்வினை என்றும் ஊழ் என்றும் வழங்கும்.,False
272,தீவினையால் விளைவது தீமை அதன் பயன் துன்பம்.,False
273,வினைப்பயன் அவ்வினையைச் செய்தார்க்கே உரியது அதனை அவர் ஒரு காலும் நுகராமல் கழிக்க முடியாது.,False
274,"வினையால் உண்டாகும் செயப்படு பொருள் பொறிபுலன் கட்குப் புலப்படுவதுபோல, அவ்வினைப் பயனான இன்பமும் துன்பமும் வினையைச் செய்பவனுக்குப் புலனாவதில்லை.",False
275,"ஆதலால், வினை முதல் வினைப்பயனை நுகர்தற்குப் பிறிதொன்று இடைநின்று அதனைக் கூட்டல் வேண்டும்.",False
276,அவ்வாறே சில சமயத்தவரும் கருதுகின்றனர்.,False
277,"வினைகள், மனம் மொழி மெய்களால் பிறப்பன என்று முன்பே கண்டோம்.",False
278,மன முதலிய மூன்றும் சேர்ந்தது உடம்பு.,False
279,ஆகவே உடம்பு உள்ளளவும் வினை பிறந்து கொண்டேயிருக்கும் வினை பெருகப் பெருகப் பெருகி இருந்து கொண்டே இருக்கும்.,False
280,அப்போது நுகரவேண்டிய பயன் நுகரப்படாது எஞ்சி விடுகிறது.,False
281,"அதுதானும் நுகர்ந்தே கழிக்க வேண்டியிருப்பதால், அது தீர்தற் பொருட்டு வினை செய்தற்கேற்ற புத்துடம்பு வேண்டப் படுகிறது.",False
282,அதனால் மறுபிறப்புக் கொள்கை எய்துவதாயிற்று.,False
283,"ஆகவே, வினை காரணமாகப் பிறப்பதும் பிறப்பு வாயிலாக வினை செய்வதும் மாறிமாறி நிகழ்கின்றனவாம்.",False
284,"இதனை நன்கு எண்ணு மிடத்து, பிறப்பில்லையாமாறு செய்வதுதான் வினையினின்று விடுதலை பெறும் வழி என்று அறியலாம்.",False
285,"அது பற்றியே திருவள்ளுவர் மற்றும் தொடர்ப் பாடு எவன்கொல் பிறப்பறுக்கல், உற்றார்க்கு உடம்பும் மிகை என்று உரைக்கின்றார்.",False
286,இங்கே காட்டிய எழுபிறப்பும் பிறந்து வினை செய்து பயன் நுகர்வதால் உயிர்எய்தும் பயன் யாது?,False
287,"வினை செய்தற்கண் உடம்பும் உள்ளமும் ஒன்றிநின்று அவ்வினையை முடிக்குங்கால், உயிர்க்கு உவட்டாத இன்பம் உண்டாகிறது.",False
288,"அவ்வாறின்றி, துன்பம் உறவரினும் துணிவாற்றிச் செய்க, வினை இன்பம் பயக்கும் என இயைத்துரைப்பது நேரிது.",False
289,வினை இன்பமேயன்றி அறிவு விளக்கமும் நல்குவது.,False
290,வினை நலம் வேண்டிய எல்லாம் தரும் என்பது திருக்குறள்.,False
291,உலகில் பிறக்கும் ஒவ்வொருவனும் தொடக்கத்தில் அறியாமை யிருள் சூழ்ந்து இருக்கிறான்.,False
292,இவை யாவும் வினையாகும்.,False
293,"இருள் நீக்கம் காரணமாக வினை நிகழ்வதால், திருவள்ளுவர், இருள் சேர் இருவினை என வினைகளைக் குறிக்கின்றார்.",False
294,"வினைவழியாக அறிவு இருள் நீக்கம் பெறுகிறது எனினும், விளக்கேந்திச் செல்பவனது போல அறியாமை தோன்றுகிறது.",False
295,அறிதோறு அறியாமை கண்டற்று என்று குறள் கூறுகிறது.,False
296,இருள் நீங்கியவழிப் பிறப்பு வேண்டா மையால் பிறப்பென்னும் பேதைமை நீங்கும் என்கிறார்.,False
297,உடம்பொடு கூடி உலகில் இருந்தே செம்பொருளை உணர வேண்டும்.,False
298,இருக்கும் போதோ வினைசெய்தே தீரவேண்டும்.,False
299,"வினையால் மேன்மேலும் பிறப்பு எய்துமன்றோ என ஓர் ஐயம், இங்கே எழுகிறது.",False
300,இக்கருத்தைச் சார்புணர்ந்து சார்புகெட ஒழுகின் மற்றழித்துச் சார்தரா சார்தரும் நோய் என்கிறார் வள்ளுவர்.,False
301,வினைதோன்றுதற்கு உடம்பு உலகுகளின் மேல் உண்டாகும் பற்றே காரணம் அப்பற்றை விடுவதுதான் செம்பொருளைச் சார்தற்கு வழி.,False
302,"பல்வேறு பற்றுக்களிடையே வாழும் உயிர், ஒன்றைப் பற்றுவதும் ஒன்றைவிடுவதுமாக இருக்கும்.",False
303,"இனி, அச்செம்பொருளின் இயல்பைக்கடவுள் வாழ்த்து என்ற பகுதியில் விளங்க உரைக்கின்றார்.",False
304,செம்பொருள் உயர்திணையா அஃறிணையா என ஆராய்ந்து இன்னதிணை என வரையறுத்துக் கூறலாகாதது.,False
305,அதுபற்றியே செம்பொருளை ஆண்பால் ஒருமையில் வைத்து உரைப்பது இயற்கையாயிற்று.,False
306,அதனால் செம்பொருளாகிய முதற்பொருளை ஆதிபகவன் என ஆண்பாலில் வைத்து உரைக் கின்றார்.,False
307,"இவ்வகையே நோக்கின், உலகிலுள்ள மக்கள் அனைவருமே பிறவாப் பெருநிலைக்கு உரியர் என்பது தோன்றும்.",False
308,"அறைவன் என ஆண் பாலால் கூறினமையால், அவன் சார்பை அடியென்றும் தாள் என்றும் வள்ளுவர் வற்புறுத்துகின்றார்.",False
309,திருவள்ளுவர் விழாமலர் அக்டோபர் .,False
310,"எனவே, பின்னர் திருவள்ளுவரைப் பற்றிய கதைகளும் வரலாறுகளும் பலவாக நிலவத் தொடங்கின.",False
311,உண்மை காண்பது அரிதாயிற்று.,False
312,எனினும் உண்மைகாண முயல்வதே இக் கட்டுரையின் நோக்கமாகும்.,False
313,ஞானாமிருதம் என்னும் நூல்மட்டும் வள்ளுவருடைய தந்தைபெயர் யாளிதத்தன் என்பது எய்தக் கூறுகின்றது.,False
314,"சமணக்கதை, கரமுண்டன் என்பது தந்தை பெயரென்றும், சீமதியென்பது தாய் பெயர் என்றும் கூறுகின்றது.",False
315,ஆடவர் ஆதன் என்னும் பெயர் பெறுதல்போலப் பண்டை மகளிர் ஆதியென்னும் பெயர் பெற்றிருந்தனர் போலும்.,False
316,"தொகை நூல்களுள், ஆதி மந்தி எனவரும் பெண்பாற் பெயரும் இதற்கு ஒரு புடையால் சான்றாகிறது.",False
317,இக் காலத்தும் மகளிர்க்கு ஆதியென்ற பெயர் வழங்குவதுண்டு.,False
318,"புலவர் புராணமும் பிறவும் பகவனார் அந்தணரென்றும், ஆதியார் இழிந்த சாதி மகள் என்றும் கூறுகின்றன.",False
319,"ஞானாமிர்தமும் ஆதியாரை, ஆதிப்புலைச்சி ஆதிப்புலைச்சிபோலும்! என்றே கூறுகின்றது.",False
320,பொல்லாப் புலாலை நுகரும் புலையரை திருமந்.,False
321,எனத் திருமூலனார் கூறுதல் காண்க.,False
322,"புலாலுண்டலின்றிச் செந்தண்மை பூண்டிருந்தமையின், பகவனார் அந்தணர் ஆகவே இருந்தனர் போலும்.",False
323,"எனவே, பகவனாரும் ஆதியாரும் ஒருசாதிப் பிறப்பினராய், உணவொழுக்கத்தால் அந்தணரும் புலையருமா யினார் என்பது முடிபாம்.",False
324,"பண்டையில், பார்ப்பனர் முதலிய பலரும் புலாலுணவு மேற்கொண்டிருந்தமை ஆராய்ச்சியாளர் அறிந்த செய்தியாகும்.",False
325,"பகவனார்க்கும் ஆதியார்க்கும் நட்புண்டான முறை பலவேறு வகையாகக் கூறப்படுகின்றமையின், அதன் உண்மை புலப்பட வில்லை.",False
326,"ஆயினும், இவர்கள் ஓரிடத்தும் நிலையுறத் தங்காது நாடோடிகளாய்ச் சென்ற செய்தி ஒருமையாய்க் கூறப்படுகிறது.",False
327,"திருவள்ளுவரை யுள்ளிட்ட மக்கள் எழுவரை இவர்கள் பெற்று, ஆங்காங்கே அன்பின்றிக் கைவிட்டு நீங்கினர் என்பதும் ஒருமைப் பட வழங்குகிறது.",False
328,"ஏனெனில், அக்காலத்தே பார்ப்பனர் முதல் நான்கு வருணத்துள்ளும் புலையரும் அந்தணரும் இருந்தனர்.",False
329,"பார்ப்பனருள் புலாலுண்போர் பார்ப்பனப் புலையர் எனவும், பிறவகுப்பினருள் புலாலுண்போர் பிறவகைப் புலையர் எனவும் நூலோர் கருதின ரென்பது உய்த்துணரப்படுகின்றது.",False
330,"திருவள்ளுவரை உள்ளிட்ட உடன்பிறப்பினர் எழுவர் என்பது ஒருமைவழக்காயினும், அவர்தம் பெயர்வகை வேறுபடுகிறது.",False
331,"திருவள்ளுவர் குழவிப்பருவத்தே பெற்றோரால் கைவிடப்பட்டனர் என்பது ஒருமைச் செய்தியாயினும், வளர்க்கப்பட்ட செய்தி வேறுபடுகிறது.",False
332,எல்லாச் சான்றோராலும் இவர் பெயர் வள்ளுவர் என்றே கூறப்படுவதால் இதுவே இவரது இயற்பெய ரென்றே கோடல் வேண்டும்.,False
333,"ஆனால் இது பெற்றோரால் இடப்பட்ட தென்றாதல், வளர்த்தோரால் இடப்பட்ட தென்றாதல் துணிவதற்குக் கூடவில்லை.",False
334,இவர் வளர்ந்து சிறந்து வாழ்ந்தவிடம்திருமயிலை யென்பது பெரும்பான்மையான வழக்கு.,False
335,சமணர் கதையும் மயிலையைக் குறிக்கிறது.,False
336,ஆனால் திருவள்ளுவமாலை மட்டில் மதுரையைக் குறிக்கிறது.,False
337,"இதற்கேற்ப, திருவள்ளுவர் நூற்கு உரைகண்ட பரிமேலழ கரைக்குறித்த தொண்டை மண்டல சதகம், அம்மண்டலத்ததாகிய மயிலையில்வாழ்ந்த வள்ளுவரைக் குறித்திலது.",False
338,"திருக்காஞ்சி வாழ் பரிமேலழகன் வள்ளுவனார்க்கு வழிகாட்டினான் தொண்டை மண்டலமே என்ற சதகம், வள்ளுவன் சிறந்த மயிலையைச் சிறப்பியாமை காண்க.",False
339,"ஆனால் ஆதியார், பகவனார் என்னும் பெயர்களை நோக்க, வாசுகி யென்னும் பெயர் ஆராய்தற்குரிய தொன்றாகிறது.",False
340,"வாசுகி யென்னும் வடமொழிப் பெயர், அந்நாளில் தமிழ் நாட்டில் வழங்கிய தமிழர் பெயராகத்தோன்றவில்லை.",False
341,"அதனால் திருவள்ளுவர்க்குக் கற்புடைய மனைவியார் இருந்தாராயினும், அவரது பெயர் வாசுகி என்பது மாத்திரம் நம்புதற்கு இடந்தருகின்றலது.",False
342,"ஆனால், அத்தொழில் பற்றிய சிறு குறிப்பும் அவர் நூலிற் காணப்படவில்லை.",False
343,"அது செய்யாமையின், அவரது தொழில் இன்னதெனத் துணிதற்கில்லை.",False
344,"இவர் காலத்தே மக்கள் கூட்டத்தில் கடவுள் உண்மையும், வினைத் தொடர்பும், வீடு பேறும், நரகத்துன்ப வுணர்வும் நிலவி நின்றன.",False
345,"அந்தணர் மறையும், துறவியர் நெறியும் விரவி யிருந்த மையின், அவர் காலம் வடவரது வேத நெறியும்.",False
346,இரண்டன் பயிற்சியால் மக்கட்டொகுதி உலகியலில் சீரிய நாட்டம் பெறாது சீர்குலைவதாயிற்று.,False
347,ஏனைய இருதிறத்தாரும் இவ்வுலகியலைக் கருவியாகக் கொண்டு தத்தம் சமயக் கருத்தினைச் சாதிக்க முயன்றனர்.,False
348,"வள்ளுவரோ, அவர்கள் பொதுவாகக் கொண்ட உலகியலையே நூற் பொருளாக விளக்கத் தொடங்கினார்.",False
349,"மேலும், உலகியலை அறம், பொருள், இன்பம் என்ற மூன்று குறிக்கோளின் கண் வைத்து ஆராய்ந்த முதன்மை தொல்காப்பியர்க்கு உரித்து.",False
350,"அதனைப் பயன்பட வுணர்ந்து, உண்மை யுணர்வால் மக்கட்கு உணர்த்திய உயர்நிலைப் பெருமை வள்ளுவர்க்கே உரித்து.",False
351,"இத்திருக்குறள் நூல் அமைந்துள்ள முறை வேறு எம்மொழியினும் காணப்படாமையால், அது வள்ளுவர் தாமே படைத்துக் கொண்ட உண்மை முறையாகும்.",False
352,திருக்குறள் நூல் மதுரையிலிருந்த சங்கத்தில் அரங்கேற்றப் பட்ட தென்னும் செய்திக்கும் மேற்கூறிய செய்திகளே ஆதாரமாகும்.,False
353,சமணர் குழுவும் அதனை ஒப்புக்கொள்ளுகிறது.,False
354,"அதனால், இந்நூல் மதுரையிலிருந்த புலவர்களால் ஆராய்ந்து ஆதரிக்கப் பெற்ற தென்பது கோடற் பாலதாம்.",False
355,"மற்றும், சங்கமிருந்ததென்பதே பொய் யென்பாரும் உளராதலின், அவர் கூற்று உண்மையானால், இக்கதையும் ஆதாரமிழந்துபோம்.",False
356,திருவள்ளுவமாலை சங்கப் புலவர்களால் இயற்றப்பெற்ற தன்றென்பது சிலர் கொள்கை.,False
357,"இவை எத்துணை உண்மையானவை என்பது அறியக் கூடாதாயினும், இருவர்க்கும் தொடர்பிருந்த தென்பது மட்டில் கோடற் பாற்றேயாம்.",False
358,"திருவள்ளுவர் மனையறம் புரிந்து வருங்காலத்து, இவர்க்கு எத்துணைமக்கள் பிறந்திருந்தனர் என்பது தெரிந்திலது.",False
359,திருவள்ளுவர் விண்புகுவதன் முன்பே அவர் மனைவியார் தம்பூத உடம்பு நீத்தனர் என்பது தெரிந்த செய்தியாகக் கூறப்படுகிறது.,False
360,அவர் பிரிவாற்றாது வள்ளுவர் வருந்திப் பாடியதாகக் கூறும் பாட்டொன்றும் காட்டப்படுகிறது.,False
361,உலகநாத முதலியார் அவர்களின் மணிவிழாமலர் .,False
362,அவர் கம்பரது இராமாயணத்தில் மிக்க ஈடுபாடு கொண்டு ஒவ்வொரு பாட்டிலும் புதைந்து கிடக்கும் அருங்கருத்துக்களை ஆராய்ந்துரைக்கும் வன்மை படைத்தவர்.,False
363,"அந்நாளிலேயே அவர் கம்பராமாயண அருங்கவித்திரட்டு என்ற நூலொன்றைத் தொகுத்துப் பொருளும், விளக்கமும் எழுதி வெளி யிட்டார்.",False
364,அதனால் ஆண்டுகட்கு முன்பே அவருடைய புலமைப் புகழ் தமிழ்ச் சான்றோரிடையே பெரிதும் விளக்கமுற்று இருந்தது.,False
365,அவரிடம் திருக்குறள் மூலம் மாத்திரம் எழுதிய ஏடு ஒன்று இருந்தது.,False
366,அதனை என் பழைய நண்பர்களில் ஒருவரான கதிர்வேல் மூப்பனார் முன்பொருகால் எனக்குக் காட்டக் கண்டேன்.,False
367,சில நாட்களுக்கு முன் நான் மாயூரத்தில் என் நண்பர் வழக்கறிஞர் திரு.,False
368,அவரிடம் இருந்த அந்தத் திருக்குறள் மூல ஏட்டுப் பிரதியைக் காணும் பேறுபெற்றேன்.,False
369,"அதன்கண், முதல் அதிகாரத்தின் பெயர் இறைவணக்கம் என்று இருப்பதை மிக்க விருப்போடு எடுத் துரைத்தார்.",False
370,நானும் பார்த்து வியந்தேன்.,False
371,வேறு எத்தகைய குறிப்பையும் தாம் இன்னும் காண வில்லை என்று கூறினார்.,False
372,இக்குறிப்புக்களின் சொன்னடையால் அவற்றை யெழுதியவர் உயரிய புலமைச் செல்வர் என்று விளங்கின மையின் அக்குறிப்புக்களை யான் ஆர்வத்தோடு எழுதிப்போந்தேன்.,False
373,"உடையவனாகிய முருகனை நோக்க, பொருள் உடைமையாய் அடங்கி அவனுக்கு ஏற்றம் தருகிறது.",False
374,அவ்வுடைமையை வேட்டவாறு செய்யும் முதன்மையை உடையனாகிய தன்மையால் முருகன் எய்துகிறான்.,False
375,"உலகை உடையவன் ஆதிபகவனும், உடைமை உலகுமாக வைத்துக் கூறுவதுதான் நேரியமுறை.",False
376,"சொன்னயம் நோக் காமையின், ஏனை மணக்குடவர் முதலாயினார் இவ்வாராய்ச்சியில் தலைப்படவில்லை.",False
377,ஊழ் என்பது ஊழ்த்தல் என்னும் வினைமுதல் நிலை.,False
378,"எனவே, வினையாகிய ஊழிற்கு இடம் உயிராவது தெளிகின்றோம்.",False
379,"இவ்வாறு ஊழ் நிகரற்ற பெருவலியுடையதெனினும், உயிரின்கண் இடையிற் புகுந்து இடையிற் கெடுவதாகும்.",False
380,பயன் கழிந்த வழி ஊழ்வலி யழியும்.,False
381,ஊழின் தீப்பயனை நற்பயன்போல நுகருமிடத்து அதன் கொடுமை வலி தேய்ந்து போகும்.,False
382,"அதுபற்றியே, நன்றாங்கால் நல்லவாக் காண்பவர் அன்றாங்கால் அல்லற்படுவது எவன் என்று திருவள்ளு வர் தெளிவிக்கின்றார்.",False
383,"இவ்வுண்மை விளங்கவே, திருக்குறள், ஊழை யும் உப்பக்கம் காண்பர் உலைவின்றித் தாழாது உஞற்று பவர் என்று எடுத்துரைக்கின்றது.",False
384,இத்திண்மை நிலையைச் சித்தாந்த சைவ நூல்கள் இரு வினை யொப்பு என்று கூறுகின்றன.,False
385,"இதனால் துனி வேண்டப்படாதது எனவும், புலவி முயக்க இன்பத்துக்கு ஆக்கமாதலின் வேண்டத்தக்க தெனவும் பெறப்படும்.",False
386,"அதன் சிறப்புணர்த்தவே, காமம் புணர்தலின் ஊடல் இனிது என்பர்.",False
387,"ஆங்கிலம் பயின்றவர்பால் காணப்படும் இவ்வித்தகம், தமிழ் பயின்றார்பால் காணப்படாமைக் குக் காரணம் இதுவேயாம்.",False
388,"செயற்பண்பின் மேனிற்கும் ஊடல், துனி பயக்கும் நீர்மை யுடையது.",False
389,ஊடலில் தோன்றும் சிறுதுனி என்பது திருக்குறள்.,False
390,புலவி சொல்லிலும் மெய்ப்பாட்டிலும் நின்று வேட்கையை மிகுவிக்கும் மேன்மையுடையது.,False
391,"ஆதலால், ஊடல் இன்பத்துக்கு ஆக்கமாய், முயக்கத்தால் இன்ப நுகர்ச்சியை நிறைவிக்கும் இயல்பினதாகிறது.",False
392,முயக்கம் பெறாவிடின் அதற்குக் காரணம் ஆராயப்படும்.,False
393,"ஆராய்ச்சி, ஊடலில் தோன்றிய சிறுதுனி பெரிதாகி வெறுப்பையும் வெகுளியையும் பயந்தமை வெளிப்படுத்தும்.",False
394,"இதனை நுணுகி நோக்கிய குறிப்புரைகாரர், பெறாமை துனி பயத்தலின் பெறின் என்றார் எனக் குறிக்கின்றார்.",False
395,அவருடைய குறிப்புக்கள் பாட்டுத்தோறும் அமைந்திருக்குமாயின் எத்துணையோ புதுப்புது உண்மைகள் புலப்பட்டிருக்கும்.,False
396,திருவள்ளுவர் ஈராயிரம் ஆண்டு சிறப்புமலர் .,False
397,ஊழ்வினை திருவள்ளுவர் வழங்கிய திருக்குறளைப் படிப்பதில் இந்நாளைய நன்மக்கட்குப் பேரீடுபாடு உண்டாகியிருக்கிறது.,False
398,அரசியலறிஞர் முதல் பள்ளிச் சிறார்கள் ஈறாக அனைவரும் இந்நெறியில் ஒத்த கருத்துடையராக இருக்கின்றனர்.,False
399,உலகிற்கே நல்லறமுரைத்த வள்ளுவர்பால் மக்கட்கு நன்மதிப்பு உண்டாகி யிருப்பது நல்வாழ்வுக்கு அறிகுறி.,False
400,இவ்வாறு உண்டாகிய மன மாசு இன்னும் நீங்கவில்லை அடிமையுணர்வு அகலவில்லை.,False
401,வந்தது போல இல்லாவிடினும் ஒளிவர நீங்கும் இருள் போல விரைய நீங்காதன்றோ?,False
402,"உரிமை வாழ்வுபெற்று இயலும் நாம் உள்ளத்தாலும், உரையாலும், செயலாலும் இன்னும் அந்த அடிமைப் பண்பு நீங்காதேயிருக்கின்றோம்.",False
403,அதனால் தூய உரிமைக் கண்கொண்டு எழுதப் பெற்ற திருவள்ளுவரை நாம் அடிமைக் கண்கொண்டு காண்கின்றோம்.,False
404,அதுதான் இப்போது நம்மால் செய்ய முடிகிறது.,False
405,இந்த வகையில் திருவள்ளுவர் வழங்கிய திருக்குறளில் பல பகுதிகள் தெளிவாய் விளங்கவில்லை.,False
406,பல ஐயங்கள் உண்டாகின்றன.,False
407,பல புதிய கருத்துகளைப் புகுத்திப் பார்க்கின்றோம்.,False
408,உண்மைக் கருத்துகள் சிலவற்றை உண்மைக்கு மாறாகக் கொள்கின்றோம்.,False
409,இவை யாவும் இயல்பாக உண்டானவை.,False
410,உரிமை ஞாயிறு தோன்றுங்கால் இத்தகைய கலக்கங்கள் உண்டாவது இயல்பு.,False
411,திருவள்ளுவரது திருக்குறள் ஊழ் என்றொரு பகுதியைக் கொண்டுளது.,False
412,அஃது அறத்துப்பாலின் இறுதியில் பொருட்பாலுக்கு முன்னர் இருக்கிறது.,False
413,"அதனை அங்கே கொணர்ந்து திருவள்ளுவர் வைப்பானேன், என்பது ஒரு கேள்வி.",False
414,இது நெடுங்காலமாக நின்று நிலவும் பழமையான கேள்வி.,False
415,திருவள்ளுவர் இதனைக் கூறியிருப்பாரா?,False
416,என்பன போன்ற சில கேள்விகள் இப்போது புதியனவாய் எழுகின்றன.,False
417,அதுபற்றி இச் சிற்றாராய்ச்சி இங்கே செய்யப்படுகிறது.,False
418,நல்லறிஞர்கள் ஆராய்ந்து நலங் கொள்வார்களாக.,False
419,திருவள்ளுவப் பெருமான் வழங்கிய திருக்குறளின் அடிப்படையான கருத்துகள் யாவையென முதற்கண் காண்போம்.,False
420,"நம் நாட்டு மக்கள் வாழ்வில், பேச்சில், செயலில் சில அடிப்படைக் கருத்துகள் உண்டு.",False
421,இவற்றுள் சிறப்பாக மூன்றைக் காணலாம்.,False
422,"அவை வினை, மறுபிறப்பு, மேலுலக கீழுலக வாழ்வு ஆகிய மூன்றுமாகும்.",False
423,இம்மூன்றனுள் வினையே மறுப்பிறப்புக்கும் மேலுலக கீழுலக வாழ்வுக்கும் காரணம்.,False
424,நல்வினை செய்தார் மறுபிறப்பில் மேலுலக வாழ்வு பெறுவர் தீவினை செய்தார் மறுபிறப்பிற் கீழுலகடைந்து துன்புறுவர்.,False
425,நலந்தீங்கு கலந்த வினை செய்தார் பிறப்புகளை யெய்துவர்.,False
426,இக்கருத்துகளையும் நாம் இத்திருக்குறளிலேயே காணலாம்.,False
427,"வீட்டுலகத்தைத் திருவள்ளுவர் வானோர்க்கு உயர்ந்த உலகம் என்றும், வரன் என்னும் வைப்பு என்றும், இறைவன் அடி என்றும் கூறுகின்றார்.",False
428,மேலுலகத்தைப் புத்தேளுலகம் தாமரைக்கண்ணான் உலகு மேலுலகம் என்று சிறப்பித்துரைப்பர்.,False
429,இவ்வினையுணர்வும் மறுபிறப்புணர்வும் பிறவும் திருவள்ளுவரே படைத்து மொழிவன அல்ல.,False
430,அவர்க்கு முன்னிருந்த சான்றோர்களே கூறியிருக்கின்றனர்.,False
431,இவ்வாறே மிகப் பழைய தமிழ் நூலாகிய தொல்காப்பியத்தும் இம்மூவகையுணர்வும் குறிக்கப்பெறுகின்ன.,False
432,வடநூல்களிலும் வேதங்கள் தவிர ஏனை எல்லா நூல்களிலும் இவை கூறப்படு கின்றன.,False
433,உலகாயதம் ஒழிந்த ஏனையச் சமயங்கள் யாவும் இவற்றை மேற்கொண்டுள்ளன.,False
434,ஆதி வைதிகம் ஒழிந்த இந்திய சமயங்கள் பலவற்றிற்கும் வினையுணர்வு அடிப்படை எனத் தெளிய உணர வேண்டும்.,False
435,வினை யென்பது யாது?,False
436,"மனம், வாய், உடம்பு என்ற கருவிகளின் இயக்கமும் இயக்கமில்லாமையும் வினையென்று கூறப்படும்.",False
437,நாம் செய்யும் ஒவ்வொரு செயலும் வினையாகும்.,False
438,உலகில் நாம் செய்யும் ஒவ்வொரு செயலுக்கும் பயன் உண்டு.,False
439,"இராசராசன் தஞ்சைப் பெரிய கோயிலைக் கட்டினான் என்றால் கட்டுதல் வினையும், பெரிய கோயில் செயப்படு பொருளுமாகும்.",False
440,அதனால் அவன் அடைந்த பயன் இன்பமாம்.,False
441,இப்படியே ஒவ்வொரு வினைக்கும் செயப்படு பொருளும் பயனும் உண்டு.,False
442,"தொடக்கத்தில் சமய நூல்கள், செய்கையை வினையென்றும், செயப்படுபொருளைக் கன்மம் என்றும் கூறின.",False
443,ஒருவினை செயப்படுங்கால் அதனால் விளையும் பயனும் உருவாகிறது.,False
444,"அவ்வினை செயப்பட்டதும் பயனும் உருவாகி இன்பமோ, துன்பமோ நல்குகிறது.",False
445,சில வினைகள் முடிந்தபின் சிறிது காலங்கழித்துப் பயனைத் தருகின்றன.,False
446,இவையெல்லாம் நாம் உலகியல் வாழ்வில் நாளும் காணும் காட்சியாகும்.,False
447,இவ்வினைக் குறிப்பு வேதங்களில் காணப்படவிலையென அவற்றை யாராய்ந்த அறிஞர் கூறுகின்றனர்.,False
448,"ஆயினும், அவ்வேதங்களிற் குறிக்கப்படும் மந்திரங்களைப் பிழை சிறிதுமின்றி ஓதினால் கருதிய பயன் விளையுமெனப் பிற்காலவைதிகர்கள் கூறுவர்.",False
449,மந்திரங்களை வாயால் பிழை சிறிதுமின்றி ஓதுவதும் வினையே யென்பது நன்கு தெளிய வேண்டியதொன்று.,False
450,"எனவே, தமிழ் நூன்முறைப்படி எல்லா நாட்டு எவ்வுயிரிடத்தும் வினையுணர்வு உண்டு என்பது தேற்றம்.",False
451,இனி மந்திரங்களை ஓதுங்கால் அவற்றின் பயன் அருவாய் உருவாகிறது.,False
452,"அம்மந்திரங்களை விதிப்படி யோதி முடித்தவழி, மந்திரப்பயன் உருவாகி ஓதுவோர் விரும்பிய பயனை நல்குகிறது.",False
453,அருவாய் உருவாகும் மந்திரப்பயனை அதிருஷ்டம் என வட நூல்கள் ஓதுகின்றன.,False
454,இதனால் வினையுண்டென்பதும் மறு பிறப்புண்டென்பதும் பிறவும் பிற்கால வைதிகர்களுக்கும உடன்பாடானமை தெளிகின்றோம்.,False
455,"செய்வினையின் முடிவில் நிற்கும் வினைப்பயன் உடனே வந்தெய்துவதும், காலங்கழித்து வந்தெய்துவதும் உண்டெனக் கண்டோம்.",False
456,"வினை முடிவில் எய்தக்கூடிய பயன், வினை முடிந்த சிறிது காலத்திற்குப் பின்னர் வந்து எய்துவானேன்?",False
457,ஏன் உடனே எய்துவதில்லை?,False
458,என்பன முதலிய ஐயங்கள் எழுவதற்கு இடமுண்டு.,False
459,"வினை நிகழுங்கால் அருவாய் உடன் பிறக்கும் அதிருஷ்டம், தனக்குரிய பயனை விளைவித்தற் குரிய பக்குவம் எய்த வேண்டியிருக்கிறது.",False
460,"வினையைச் செய்தவர், அதற்குரிய பயனை நுகர்தற்குரிய காலம் வரும்வரையில், அதிருஷ்டம் பக்குவம் பெற்றுக் கொண்டு வரும்.",False
461,பக்குவமானவுடன் தன் பயனை அந்த அதிருஷ்டம் நுகர்வித்து விடும்.,False
462,செய்வினையின் பயனைச் செய்தவர் பெறுதற்குரிய அதிருஷ்டம் பக்குவப்படுவதைச் சார்ந்திருக்கிறது.,False
463,அதிருஷ்டமும் செயப்படு பொருள் போல வினையிடத்தே தோன்றுவதால் தமிழ் நூலார் கூறும் வினைக்கண் அடங்கிநிற்கும்.,False
464,ஒருவினை அதிருஷ்டம் பக்குவப்படுவதற்குள் வேறுபல வினைகள் வந்து சேர்ந்துவிடும்.,False
465,இவற்றில் பக்குவப்பட்டவை இப்பிறப்பிலேயே பயனை நல்கும்.,False
466,எஞ்சியற்றை நுகர்வது குறித்து மறுபிறப்பு வந்து சேர்கிறது.,False
467,வினைப்பயன்களின் கூறுபாட்டிற் கேற்ப மறுபிறப்பில் புல் முதல் தெய்வமீறாகப் பல்வகையுடம்புகள் தோன்றுகின்றன.,False
468,இதனால் எடுக்கும் பிறப்புகளும் பலவாகின்றன.,False
469,பிறவிதோறும் எடுக்கும் உடம்பு கருவியாகக் கொண்டே வினைப் பயன்களை நுகரவேண்டும்.,False
470,நுகருந் திறம் உடம்பு தோறும் வேறுபடும்.,False
471,அதற்கேற்பச் சில பயிற்சிகள் உண்டாகிக்குணம் போல ஒன்றிவிடும்.,False
472,அவையே அவ்வுடம்புகருவியாக வினைப்பயன் நுகர்வதற்கு வாயிலாய்ச் செயற்படுகின்றன.,False
473,இவற்றை வாதனை என்பர்.,False
474,தமிழ் நூல்கள் வாதனையை அவா என்று குறிக்கும்.,False
475,பக்குவமெய்தி நிற்கும் வினைப்பயன் வாதனையின் வாயிலாக உயிரை வந்து அடைகிறது.,False
476,வினைகள் பக்குவப்படுவதற்குரிய காலமும் பயன்களின் அளவும் அவ்வினைகளின் வன்மைகளைச் சார்ந்திருக்கின்றன.,False
477,சில வினைகள் பக்குவமுற்றுப் பயன் நல்குங்கால் வேறான சில வினைகளும் பக்குவமெய்தி நிற்கலாம்.,False
478,"அவற்றுள் வலியதனால், மெலியது பக்குவமெய்திருப்பினும் பற்றுக் கோடாகிய வாதனை யில்லாமையால் கெட்டழியும்.",False
479,அதனால் அவன் வினைத் தொடர்புகளின் நீங்கி வீடுபெறும் திறம் பெறுகின்றான்.,False
480,"நம் நாட்டு அறிவு நெறிச் சமயங்கள் பலவும் இறைவன், உலகம், உயில், என்ற மூன்று பொருள்களையும் கண்டிருந்தன.",False
481,கடவுள் என்ப தொன்றுண்டு என்பதைத் தொடக்கத்தில் வற்புறுத்தாத நையாயிகரும் சாங்கியரும் பின்னர் அதனை யுணர்ந்து மேற்கொண்டனர்.,False
482,இம்மூன்றனுள் இறைவன் உயிர் என்ற இரண்டும் அறிவுடைப் பொருள் என்றும் பிறவெல்லாம் அறிவில்லா தவையென்றும் கூறுவர்.,False
483,"வினையும், வினைப்பயனும் வாதனையும் ஆகிய யாவும் அறிவில்லாதவை.",False
484,"அறிவில்லாத வினைப்பயன் அறிவில்லாதவாதனையைப் பற்றுக் கோடாகக் கொள்வதும், இன்பமும், துன்பமுமாகிய வினைப்பயன்களை உயிர்கட்கு நல்குவதும் கூடா.",False
485,அறிவுடைய உயிரை அறிவில்லாத வினைப்பயன்கள் வந்து எய்துவதற்கு அறிவுடைய இறைவன் வேண்டப்படுகின்றான்.,False
486,அவன் உலகைப்படைத்து அவரவர் செய்த வினைப் பயன்களை அவரவரோடு கூட்டி நுகரச்செய்வதும் அந்த இறைவன் வேலை என்று கண்டனர்.,False
487,அது பற்றியே தொல்காப்பியரும் கடவுளைப் பால்வரை தெய்வம் என்றார்.,False
488,சுக்கில கன்மம் நல்வினை கிருஷ்ண கன்மம் தீவினை இரண்டு மிலாத வினை அசுக்கில கிருஷ்ண கன்மம்.,False
489,அவனுடைய விருப்பு வெறுப்புகள் பசைபோல் ஊறி அக்கன்மத்தைத் தன்பால் ஈர்த்துக்கொண்டு சீவ பதார்த்தத்தில் ஒட்டிக்கொள்ளும்.,False
490,"இவ்வாறு, பல பிறவிகளிலும் ஈட்டப்படும் கன்மம் சீவனைச் சூழ்ந்துகொண்டு கன்ம சரீரமாகிறது.",False
491,"புத்த சமயம் ஆன்மா உண்டென்பதை மேற்கொள்ளா தொழியினும் வினையும், மறுபிறப்பும் பிறவும் மேற்கொண்டொழு கிறது.",False
492,"இச்சையை நீக்கியவன், அறியாமை வெறுப்பு ஆசை முதலியவற்றைக் கெடுத்துப் பிறப்பறவுயரும் பெரியோனாவான்.",False
493,அவன் முன்னை வினைப்பயன்களை மட்டில் இப்பிறப்பில் நுகர்வான்.,False
494,அவன் வினைத் தொடர்பால் கீழ்நிலை எய்தான்.,False
495,அவன் அருக பதம் பெற்ற பரமேட்டி எனவுரைக்கின்றனர்.,False
496,உலகாயதருள்ளும் சுசிட்சித சாருவாகர் என்போர் ஆன்மா என ஒன்று உண்டெனக்கொண்டு அதுவும் இறக்குங்கால் உடம்போட அழிந்துவிடுகிற தென்பர்.,False
497,ஆசீவகருள் வினையும் மறு பிறப்பும் பிறவுமாகிய கொள்கைகளை ஏற்பதிலர்.,False
498,இவர்களை அஜிதகேச கம்பளர் என்பர்.,False
499,ஆசிரியர் திருவள்ளுவர் வினையும் மறுபிறப்பும் பிறவும் மேற்கொண்டொழுகும் கொள்கையினர் என்பதை முன்பே கண்டோம்.,False
500,"ஒருவருடைய நினைவு, சொல், செயல்களாகத் தோன்றும் வினைப்பயன் பழுத்து நிற்கும் நிலையில் ஊழ்வினை என்று கூறப்படுகிறது.",False
501,இதன் பொருள் பயனுண்டாக முதிர்தல் என்பதும் அறிகின்றோம்.,False
502,"மலர்ந்து மணமாகிய பயன் நல்கும் பூ, ஊழ்முகை நற்.",False
503,"என்றும், கனிந்து பயன்படும் பழத்தை ஊழுறுபழம் அகம்.",False
504,என்றும் சான்றோர் வழங்குகின்றனர்.,False
505,இதனால் ஊழ்வினை யென்பது முதிர்ந்து பயன் நல்கும் வினை என்று பொருள்படுமாறு இனிது விளங்குகிறது.,False
506,பழுத்த பழம் விதைப்பயனை வெளிப்படுத்தாது ஒழியாமை போல ஊழ்வினையும் தன் பயனை ஊட்டாது கழியாது என்பது விளங்குகிறது.,False
507,ஊழ்கனிக்கு அஃது இயற்கையறமா தல்போல ஊழ்வினைக்குப் பயன் நல்குதல் இயற்கையறமாம்.,False
508,பழுத்து வரும் பழம் இடையே மாறுபட்ட பொருள்களால் வெம்பிப் பயன் ஊழ்க்காது போதலும் உண்டு.,False
509,அதுவும் இயற்கை நிகழ்ச்சி.,False
510,அதனால் ஊழ்த்துவரும் வினையும் பயன் நல்காது கெடுதற்கு வாய்ப்புண்டு என்பது பெறப்படும்.,False
511,கனி வகைகள் பலவும் பெரும்பாலும் ஊழ்த்துப் பயன்படுதலும் மிகச் சிலவே இடையிற் கெடுதலும் இயல்பு.,False
512,அதுபோல ஊழ்வினையுள் ஒரு சில மாறுபட்ட வினைகளால் பயன் ஊழ்க்காது கெடுதற்கு இடமுண்டு என்று சான்றோர் கண்டனர்.,False
513,"அதனை ஆராய்ந்தவர், உலையா முயற்சியால் ஊழ்வினையும் பயன் ஊழ்க்காது கெடும் என்று தெறிந்து, ஊழையும் உப்பக்கம் காண்பர் என்றனர்.",False
514,"இது பற்றியே, சார்புணர்ந்து சார்புகெட ஒழுகின் மற்றழித்துச் சார்தரா சார்தரும் நோய் என்ற திருக்குறளும் தோன்றுவதாயிற்று.",False
515,"சான்றோரும் வினை பெருவலியுடையதாயினும், வெல்லத்தக்கது கெடுத்தற் குரியது என்றெல்லாம் பேசுவராயினர்.",False
516,உரையனுபவம் தமது தமிழ் மொழிக்குப் பெருமை தருகின்ற நூல்களில் தொல்காப்பியம்.,False
517,திருக்குறள் என்ற இரண்டு நூல்களும் தலை சிறந்தனவாகும்.,False
518,"திருக்குறள் தமிழரிடை நிலவிய அறமும், பொருளும், இன்பமுமாகிய நினைவும் சொல்லும் செயலுமாகிய கூறுகளைக் குறட்பாக்களால் உரைக்கின்றது.",False
519,அதற்கு உரைகண்ட ஆசிரியர் பலர்.,False
520,அவர்களில் நுண்மாண் நுழைபுலச் செல்வராய்.,False
521,தமிழ் மரபோடு வடநூல் மரபும் நன்குணர்ந்த தமிழ்ச் சான்றோராய் விளங்கியவர் பரிமேலழகர்.,False
522,அவர் திருக்குறளுக்கு எழுதியுள்ள உரை தனிப்பெரும் நூலாகப் பயிலத் தக்க பண்பு அமைந்தது.,False
523,"தமிழில் மேன்மையான நூல்கள் எனச் சிலவற்றை நானூறு, ஐந்நூறு ஆண்டுகட்கு முன் ஒரு பெரியவர் ஆராய்ந்து தொகுத்துக் கூறினார்.",False
524,அவர் இன்னார் என்று திட்டவட்டமாகத் தெரியவில்லை.,False
525,"ஆயினும், அவர் உரைத்தது வெண்பா வடிவில் இருக்கிறது.",False
526,"மேலும், பரிமேலழகர் சங்க இலக்கியங்களில் எட்டுத் தொகையுள் ஒன்றாகிய பரிபாடலுக்கு உரை எழுதியிருக்கிறார்.",False
527,"என்றாலும், அது திருக்குறள் உரை போல வளமும், வனப்பும், திட்பமும், நுட்பமும் செறிந்தில்லை.",False
528,அதனால் அந்த உரை பரிமேலழகர் உரைதானோ?,False
529,என்று ஐயுறுவாரும் உண்டு.,False
530,இத்தகைய சிறப்போடு விளங்குவதால் தான் பரிமேலழகர் உரையின் அழகு காண்பதில் அறிஞர்களுக்குப் பெரும் விருப்பம் உண்டாயிற்று.,False
531,அதனை நோக்குவோம் செவிக் குணவு இல்லாத போழ்து சிறிது வயிற்றுக்கும் ஈயப்படும் என்பது ஒரு திருக்குறள்.,False
532,"செவிக்குணவாகிய நல்ல அறிவுடைக் கருத்துக்களைக் கேட்கும் வாய்ப்பில்லாத போது, வயிற்றுக்கு உணவு தரவேண்டும் என்பது இதன் பொருள்.",False
533,இதற்குப் பரிமேலழகர் செவிக் குணவாகிய கேள்வியில்லாத பொழுது வயிற்றுக்கும் சிறிது உணவு இடப்படும் என்று உரை கூறுகின்றார்.,False
534,இனி இந்த உரையிற் கருத்தைப் புகுத்திப் பரிமேலழகர் அழகு செய்வதைக் காண்போம்.,False
535,திருவள்ளுவர் செவிக்குணவு என்பது எதனை?,False
536,செவிக் குணவாவது கேள்வி என்று சொல்லுகிறார் திருவள்ளுவர்.,False
537,"செவிக்குணவு இல்லாதபோது வயிற்றுக்குத் தரப்படும் என்றால், செவிக்குணவு இருக்கும்போது வயிற்றுக்கு உணவு தரப் படாது என்று தெரிகிறது.",False
538,"ஆகையால், இரண்டையும் சமமாக்குவதற்குப் பரிமேலழகருக்கு விருப்பம் இல்லை.",False
539,வயிற்றுக்கு உணவு தரப்படும் என்றார் எனக் குறிக்கின்றார்.,False
540,"இனி, செவிக்குணவு இல்லாத போது தரப்படும் வயிற்றுணவையும் சிறிது ஈயப்படும்.",False
541,என்பது எவ்வாறு பொருந்தும் என்று ஒரு கேள்வியை மாணவன் பரிமேலழகரிடம் கேட்கிறான்.,False
542,"அதற்கு விடை கூறும் பரிமேலழகர், வயிற்றுணவு மிகுமானால் இடையூறு உண்டாகும் என்று நினைக்கிறார்.",False
543,இது கேட்ட மாணவன்.,False
544,சிறிது என்பது ஏன்?,False
545,சிறிதும் இல்லையானால் நோய் முதலியன குறையும் அல்லவா?,False
546,என்று வினவுகிறான் அவனுக்குப் பரிமேலழகர் விளக்கம் தருகிறார்.,False
547,அது தானும் பின்னிருந்து கேட்டற் பொருட்டு என்று சொல்லுகிறார்.,False
548,"பின்னிருந்து கேட்டற் பொருட்டு என்பதாயின், அவ்வாறு கேட்பதற்குரிய வலிமையும், தெளிவும் தருவது வயிறு.",False
549,அவ்வயிற்றிற்குத் தருகின்ற உணவை இழிந்தோர்க்குச் சொல்வது போல ஈயப்படும் என்று சொல்வது பொருத்தமா?,False
550,என மாணவன் கேள்வி கேட்கிறான்.,False
551,இவ்வாறு ஒவ்வொரு குறட்பாவுக்கும் அழகொழுகத் தருக்க நெறியில் உரை எழுதும் பரிமேலழகர் கி.பி.,False
552,ஆம் நூற்றாண்டில் காஞ்சிபுரத்தைச் சூழவுள்ள நாட்டில் வாழ்ந்தவர்.,False
553,"அவர் காலத்தில் மன்றாம் இராசராசனும், மூன்றாம் இராசேந்திரனும் சோழ நாட்டை ஆண்டனர்.",False
554,திக்கன் என்ற விசயகண்ட கோபாலன் காஞ்சிபுரப் பகுதியில் நாடு காவல் புரிந்தான்.,False
555,"அந்நாளில் வாழ்ந்தவர் பரிமேலழகர், திரிபுவனச் சோழனான ஆனைமேலழகர், கல்.",False
556,"நச்சினார்க்கினியர், வண்டுவரைப் பெருமாளான பரிமேலழகர் கல் முதலிய சான்றோரின் தூய தமிழ்ப் பெயர்கள் பின்னாளில் மறைந்து வீழ்ந்தன.",False
557,இப் பரிமேலழகர் திருக்குறட்கு எழுதியுள்ள உரை மிகவும் சிறந்ததெனத் தமிழறிஞர் அனைவரும் ஒரு முகமாகப் பாராட்டு கின்றார்கள்.,False
558,"அருஞ் சொற்களுக்கும், சொற்றொடர்களுக்கும் பொருள் உரைத்தலும், அவற்றிற்குப் பொழிப்புரைத்தலும் ஒரு வகை.",False
559,"அவற்றுன் முதல் வகையை அரும் பதவுரை என்றும், கண்ணழித்துரை என்றும், பதவுரை என்றும், பின்னதைப் பொழிப்புரை என்றும கூறுவர்.",False
560,அதற்கு முன்னே நிலவிய உரைகளைப் பற்றி ஒன்றும் அறிய முடியவில்லை.,False
561,எனினும் இறையனார் களவியலுக்கு நக்கீரர் கண்ட உரை பழமை வாய்ந்தது.,False
562,"எடுத்தோத்து, இலேசு, உத்தி என்ற மூன்று நெறிகளால் மேற்கொண்ட இலக்கண இலக்கியங்கட்கு உரை காண்பது அம்மரபு.",False
563,"அம்மரபு, பிற்கால நூல்களான நன்னூல்.",False
564,"நேமிநாதம், யாப்பருங்கலம் முதலிய இலக்கண நூல் உரைகளில் மேற்கொள்ளப் பெற்றிருக்கிறதேயன்றி, இலக்கியங்கட்கு எழுதிய உரைகளில் தெளிவாகக் காணப்படுவதில்லை.",False
565,"பழைய உரை முறையே மறவாது கடைப்பிடித்த தொன்றே, பரிமேலழகர்க்குத் தனிச் சிறப்பையும் அவர் உரைக்கு அழகையும் தருகிறது.",False
566,மேற் போக்காக நுனிப்புல் மேயும் விலங்கு நோக்கம் இந்நாளில் வேற்றுமொழிப் பயிற்சியால் மக்களிடையே பெரிதும் பரவி இருக்கிறது.,False
567,"நூலாசிரியர் கூறும் கருத்துகளை, ஏன்?",False
568,"அதனால், கல்வி பயில்வோரிடையே காரண, காரிய முறையில் ஆராய்ந்து உண்மை காணும் பயிற்சி தேய்ந்து போயிற்று.",False
569,"பரிமேலழகர் ஒருவரே, அதனை ஓரளவு விடாது கடைப்பிடித்து உண்மை உரை காண்பதில் பெரிதும் முயன்று வெற்றி பெற்றுள்ளார்.",False
570,"ஆனாலும், அது பற்றி அவரது உரை மாண்பும் அழகும் குன்றுவதில்லை.",False
571,எடுத்தோத்து என்பது எடுத்து ஓதப்படும் பாட்டும் அதன் கருத்துமாகும்.,False
572,இதனை எடுத்துரை என்பது வழக்கம்.,False
573,இங்ஙனம் எடுத்தோதப்படும் உரையில் ஒரு நாளை இன்பம் என்பதும் பொன்றுந் துணையும் புகழ் என்பதும் விளக்கப்பட வேண்டுவன.,False
574,இதனை விளக்குதற்குப் பரிமேலழகர் ஒரு சூழ்ச்சி செய்கிறார்.,False
575,"இலேசு என்பது எடுத்துரைக்கும் கூற்றில் வேண்டாத சொற்களைப் பெய்தலும், வேண்டுவதைத் தொகவைத்தலும்.",False
576,முறை பிறழ்ந்து உரைத்தலும் எனப் பலதிறமாக வரும்.,False
577,தீய சொற்களைச் சொல்வதைத் தீய வாயாற் சொலல் எனத் திருவள்ளுவர் கூறுகின்றார்.,False
578,தீய சொலல் என்றாலே தீய சொற்களை வாயினாற் சொல்லுதல் என்று பொருள்பட நிற்பதால்.,False
579,வாய் என்ற சொல் இலேசு.,False
580,இந்த இலேசினால் திருவள்ளுவருடைய உள்ளக் குறிப்பு யாது?,False
581,எனக் காணலுற்று வாயாற் சொலல் என்றால் ஏன்?,False
582,எனக் கடாவிக் கொண்டு வாய் என வேண்டாது கூறினார்.,False
583,நல்ல சொற்கள் பயின்றதுஎனத் தாம் வேண்டியதன் சிறப்பு முடித்தற்கு என உரைக்கின்றார்.,False
584,உத்தி என்பது நூல் உரைக்கும் ஆசிரியன் கைக்கொள்ளும் அறிவு நெறி.,False
585,அறிவுப் பெருக்கத்துக்கும் நுண்மைக்கும் ஏற்ப அது விரிந்து செல்லும் என்று இலக்கணப் புலவர் இயம்புவர்.,False
586,"ஊழ் என்ற பகுதியில், நல்லவை யெல்லாஅம் தீயவாம் தீயவும் நல்லவாம் செல்வம் செயற்கு. என்ற குறட்பா வருகிறது.",False
587,"இது எடுத்தோத்து, இலேசு என்ற இரண்டாலும் விளக்கம் பெறாமல் உத்தியை நாடி நிற்கிறது.",False
588,ஏமம் சாரா என்ற தொடர் சிறியவர் என்ற சொல்லோடு இயைவது பொருத்தமா?,False
589,புன்கேண்மை என்ற சொல்லோடு இயைவது பொருத்தமா?,False
590,என்று ஒரு மயக்கம் உண்டாகிறது.,False
591,அதை எண்ணிய பரிமேலழகர் ஏமம் சாராச் சிறியவர் என்று இயைப்பது உண்டு அது கூடாது.,False
592,சிறியவர் என்பதனைக் கொள்ளின் செய்து என்பது நின்று வற்றும் என உரைக்கின்றார்.,False
593,உரை எழுதும்போது இத்தகைய குற்றம்படக் காண்பது முறையா காது.,False
594,மறத்தல் வெகுளியை யார்மாட்டும் தீய பிறத்தல் அதனால் வரும். என்பது வேறொரு குறட்பா.,False
595,இதன்கண் இரண்டு கருத்துக்கள் கூறப்படுகின்றன.,False
596,ஒன்று வெகுளியை மறத்தல் வேண்டும் என்பது.,False
597,மற்றொன்று அதனால் தீயவை பிறக்குமென்பது.,False
598,"இவ்விரண்டிற்கும் ஒரு தொடர்பு காட்டினாலன்றி, இரண்டும் ஒரு குறட்பாவில் கூறுதற்கு ஆகா.",False
599,கூறப்பட வேண்டுமாயின் இரண்டிற்கும் ஒரு தொடர்பு இருத்தல் வேண்டும்.,False
600,தொடர் பில்லாத இரண்டு கருத்துக்கள் ஒரு குறட்பாவில் கூறப்படா என்பது உரை மரபு.,False
601,அது அவரது உரைக்கு ஏற்றமும் அழகும் தருகிறது.,False
602,உரைகாரன் அதற்கு விடை கூறவேண்டும்.,False
603,அது உரை மரபு.,False
604,பயன் என்கொல் என்பதற்கு விடை கூறும் பரிமேலழகர் பயன் இல்லை என்று கூறல் வேண்டும்.,False
605,இங்ஙனம் கூறுபவர் என்கொல் என்பதைப் பற்றிக் கொண்டு.,False
606,இதன்கண் எவன் எனும் வினாப் பெயர் என்னென்றாய் ஈண்டு பயன் இன்மை குறித்து நின்றது என்கின்றார்.,False
607,அவை யாவை?,False
608,எனக் கேட்கும் மாணவருக்கு விடை கூறுவது உரையாசிரியர் கடன்.,False
609,"இக் கடமையை அறிந்தாற்றுகின்ற பரிமேலழகர், உரையின்கண் மெய்யாக் கண்டவை, ஆகமங்கள் என உரைக்கின்றார்.",False
610,ஆகமங்களை அவர் ஏன் எழுதினார் என்பதற்குக் காரணமும் காட்டுகின்றார்.,False
611,"இக்குறளைக் கேட்கும் மாணவன் உள்ளத்தில், இரண்டறத்துள்ளும் யாது சிறந்தது என்ற ஐயம் எழுகிறது.",False
612,"திருவள்ளுவரே, முதன்மையைக் கொல்லாமைக்கு வைத்து அதற்குப்பின் பொய்யாமையை வைத்து உரைக்கின்றார் என்று சொல்வது ஒருவாற்றால் விடையாகும்.",False
613,"அதன்கண், காரணம் காட்டப்படாமையால், காரண காரிய முறையில் வைத்து உரைப்பது உரைகாரர் கடமையாகிறது.",False
614,இதனை இந்நாளைய சீர்த்த இலக்கிய விமர்சகர்கள் என்று கூறுகின்றனர்.,False
615,இது ஒரு சமய சாத்திரம் படிக்கின்றோமோ என நம்மை மருட்டி இன்பம் செய்கிறது.,False
616,"எனப்படுவது என்பதற்கு, என்று சிறப்பித்துச் சொல்லப்படுவது என்று பொருள் கூறுதல் பொருத்தமா?",False
617,என்று வினா எழுப்பிய மாணவனுக்கு விடை கூறுகிறார் பரிமேலழகர்.,False
618,"வழக்கில், ஊர் என்று சிறப்பித்துச் சொல்லப்படும் உறையூரை எடுத்துக்காட்டி, ஊரெனப்படுவது உறையூர் என்றாற் போல என உரைக்கின்றார்.",False
619,"நூல் உரை காண்பவர் இலக்கணத்தையோ, வேறு நூற்களையோ காட்டாமல் வழக்கினை எடுத்துக் காட்டுவது முறையாகுமோ?",False
620,"ஆகையால், என்று சிறப்பித்துச் சொல்லப்படுவது என்று வழங்குதல் பொருத்தமே என உய்த் துணர வைக்கின்றார் பரிமேலழகர்.",False
621,கடுத்தபின் ஐயம் தோன்றிய பின் தேற்றுதல் யார்க்கும் அரிது என்பது எவ்வாறு பொருந்தும் என மாணவன் கேட்கின்றான்.,False
622,பரிமேலழகரது உரையிற் காணப்படும் பல்வேறு அழகுகளில் அரிய சொல்முடிவு காட்டி இலக்கண அமைதி கூறுவது ஒன்று.,False
623,"காரணம் என்ன எனின், செவ்வை உடையதனைச் செவ்விது என்றல் தொல்காப்பியர் மரபு.",False
624,"எவ்வயிற் பெயரும் வெளிப்படத்தோன்றி அவ்வியல் நிலையல் செவ்விது என்ப, என்பது தொல்காப்பியம்.",False
625,"அதை நினைவிற் கொண்டு பரிமேலழகர், செவ்விது என்றாற் போல என உரைக்கின்றார்.",False
626,இவ்வாறே ஒரு குறட்பாவில் புலப்பாயாக என்பது புலத்தி என்று வராமல் புலத்தை என வருகிறது.,False
627,"அவ்வாறு வருதற்குச் சொல்லியல் காண்கின்ற பரிமேலழகர், தமிழ் மரபு காணாது புதியதொரு சூழ்ச்சி செய்கின்றார்.",False
628,புலாதை என்பதன் ஈற்றெழுத்தைப் பிரித்து விகுதி என்று பெயரிட்டு.,False
629,அதற்கு மேற்கோளாகக் கலித்தொகைப் பாட்டில் ஒன்றைப் பற்றிக் கொண்டு புலத்தை என்புழி ஐகாரம்.,False
630,பரிமேலழகரே மேற்கொண் டுரைப்பது புது மரபு பல்லவர் காலத்திற்குப் பின் வந்த இலக்கணப் புலவர் செயல் வகை.,False
631,"தன் உயிரைக் காக்க வேண்டி வருமிடத்து, ஒருவன் மானம் கருதல் ஆகாது என்பது வடநூல் மரபு.",False
632,"இன்றியமையாச் சிறப்பின ஆயினும் குன்ற வருப விடல் என்று திருக்குறள், வடநூல் மரபுக்கு மாறுபட நிற்பது காண்கிறார் பரிமேலழகர்.",False
633,நாளென ஒன்றுபோற் காட்டி உயிரீரும் வாள துணர்வார்ப் பெறின். என்பது திருக்குறள்.,False
634,"இதற்குத் தாம் ஓர் உரை வகுத்துக் கொண்டு, பிறர் கூறும் உரையை மறுத்து ஒதுக்குகின்றார்.",False
635,"இதன்கண், நாளென ஒன்று என்பதற்கு நாள் என்பது ஒன்று எனப் பொருள் பிறரால் உரைக்கப்படுகிறது.",False
636,இவ்விடத்து என என்ற சொல் என்பது எனப் பொருள்படுகிறது.,False
637,என என்பது ஓர் இடைச் சொல்லேயன்றி பெயர்ச்சொல் அன்று என்பது பரிமேலழகர் கொள்கை.,False
638,அது என என்பது எனப் பொருள்படக் கூடாது.,False
639,ஒன்று போல் காட்டி என்பதற்கு ஒரு பொருள் போலத் தோன்றி என்று பொருள் உரைக்கப் பட்டிருக்கிறது.,False
640,அப்படிச் சொல்வதில் பொருள் சிறப்பு இல்லை என்பது பரிமேலழகர் கொள்கை.,False
641,வாளது என்றவிடத்து அது என்பது குற்றியலுகரம் அன்று.,False
642,அவ்வாறு இல்லாமையால் இதற்கு பிறர் கூறுவது பொருந்தாது என்ற கருத்துப்படி என என்பது பெயரன்றி.,False
643,இனி பரிமேலழகர் கருத்தை ஆராய்வோம்.,False
644,என என்னும் சொல் இடைச்சொல்லே யன்றி பெயர்ச் சொல் அன்று எனப் பரிமேலழகர் கருதுவது தொல்காப்பியத்திற்கு முரண் ஆனது.,False
645,இடை என்று தொல்காப்பியம் கூறுகிறது.,False
646,அடுத்து ஒன்றுபோல் காட்டி என்பதற்கு ஒரு பொருள் போலக் காட்டி என்றதில் பொருள் சிறப்பில்லை என்கிறார்.,False
647,"ஆனால், அவர் இல்லை என்பதற்குத் தக்க காரணம் கூறாமையால் அவர் உரை செல்லாதாகிறது.",False
648,அவ்வாறு கொள்வது உரை முறைமையன்று.,False
649,இனி ஓரிடத்தில் எழுவாய் பயனிலையைத் தெளிய நோக்காமல் தடுமாறுகின்றார் பரிமேலழகர்.,False
650,"இங்ஙனம் ஒரு சில தவறுகள் ஆங்காங்கே காணப்படினும் பழமையிற் புதுமையும், தருக்கத்தில் இலக்கணமும், விளக்கத்திற் சுருக்கமும்.",False
651,"இறைமாட்சி இரண்டாயிரம் ஆண்டுகட்கு முன் திருவள்ளுவர் வாழ்ந்த போது நாட்டில் பேரரசும், சிற்றரசுமாகப் பல அரசுகள் நிலவின.",False
652,"அவற்றுள் நல்லரசும், வல்லரசும் பொல்லா அரசுகளும் இருந்தன.",False
653,அவற்றையெல்லாம் நுணுகிக் கண்டவர் திருவள்ளுவர்.,False
654,"அவற்றின் வளர்ச்சியும், தேய்வும், உயர்ச்சியும், வீழ்ச்சியும் நோக்கினார்.",False
655,அவற்றிற்குரிய காரண காரியங்களை ஆராய்ந்தார்.,False
656,நன்மை தீமைகளைத் தெளிந்தார்.,False
657,உலகில் அரசுகள் யாவும் நிலைபெறத் தக்க உண்மைகளை எண்ணித் தமது திருக்குறளில் உரைக்கின்றார்.,False
658,"முதலில் அரசுக்குத் தலைவனான மன்னனைப் பொறுத்த அளவில் அவனிடம் இருக்கவேண்டிய பண்புகளையும், செயல் வகை களையும் முறையாக உரைக்கின்றார்.",False
659,"முடிசூடி நாடாளும் தலைவனைத் தமிழ் முன்னோர் அரசன், மன்னன், வேந்தன் என்று குறிப்பது வழக்கம்.",False
660,"திருவள்ளுவரும் அரசருள் ஏறு, பண்புடை மன்னன், வேந்தர்க்கு இயல்பு என்றுதான் குறிக்கின்றார்.",False
661,ஆனால் மன்னவர் மாட்சி கூறும் இவ்வதிகாரத்துக்கு இறைமாட்சி என்று பெயர் குறிக்கின்றார்.,False
662,என்ன காரணம்?,False
663,முறை செய்வதும் நாடு காவல் புரிவதும் மன்னவன் பணியாகும்.,False
664,அவற்றை சிறப்புறச் செய்தால் அவன் மக்கட்கு இறையாகின்றான்.,False
665,"இதனை, முறைசெய்து காப்பாற்றும் மன்னவன் மக்கட்கு இறையென்று வைக்கப் படும் என்று திருவள்ளுவர் கூறுகிறார்.",False
666,"வீட்டுக்குத் தலைவன் வாழ்வாங்கு வாழ்வானாயின், அவன் தெய்வத்துள் வைக்கப்படுவான் என்றா ரல்லவா?",False
667,"அதுபோலவே நாட்டுக்குத் தலைவன் முறையும் காவலும் செம்மையாய்ச் செய்வானாயின், நாட்டு மக்கட்கு இறை என்று வைக்கப்படும் என்று கூறுகின்றார்.",False
668,"முறை செய்தல், காப்பாற்றல் என்ற இரண்டினுள் முறை என்பது யாது?",False
669,"அதுபற்றியே, அஞ்சாமை ஈகை அறிவூக்கம் இந்நான்கும் எஞ்சாமை வேந்தர்க் கியல்பு என்று கூறுகின்றார்.",False
670,"அதற்காகவே, தூங்காமை கல்வி துணிவுடைமை இம்மூன்றும் நீங்கா நிலனாள் பவற்கு என்று கூறுகின்றார்.",False
671,இச் செவ்விய பண்பு இல்லையாயின் வேந்தனைப் பேய் என்று நாட்டவர் தூற்றுவர்.,False
672,"அது நினைந்தே, காட்சிக் கெளியன் கடுஞ்சொல்லன் அல்லனேல் மீக்கூறும் மன்னன் நிலம் என்று கூறுகின்றார்.",False
673,"நிலம் மீக்கூறுதலால் நிலத்தவர் புகழ்தல் இவ்வாறு முறை செய்தற்குரிய மாட்சிகளையுரைத்த திருவள்ளுவர், நாடு காவற்கு வேண்டும் மாண்புகளை உரைக்கின்றார்.",False
674,"நாட்டின் அரசியல் அமைப்பு, படை, குடி, கூழ், அமைச்சு, நட்பு, அரண் என ஆறு கூறுபடுகிறது.",False
675,"முதலாவதாகிய படையையும் குடிகளையும் ஆளுகின்ற வேந்தன்பால் அறம் பிறழாமையும் மறம் இழுக்காமையும், மனவுணர்வும் நன்கு அமைய வேண்டும்.",False
676,"அது பற்றியே, அறனிழுக்கா தல்லவை நீக்கி மறனிழுக்கா மானம் உடைய தரசு என்று கூறுகின்றார்.",False
677,இங்கே வகுத்துரைத்த படையும் குடியும் நேராக ஆளப் படுவன.,False
678,அமைச்சும் நட்பும் ஆட்சிக்குத் துணை.,False
679,இவை இரண்டும் அரசுக்கு இன்றியமையாதவை.,False
680,ஆயினும் பொருள் இல்லையாயின் இவை பயன்படா.,False
681,இப்பொருளை விளைவிப்பவர் குடிகள்.,False
682,உழவாலும் தொழிலாலும் தான் பொருள் விளையும்.,False
683,"அதனைக் கருதியே திருவள்ளுவர், கொடையளி செங்கோல் குடியோம்பல் நான்கும் உடையானாம் வேந்தர்க் கொளி என்று எடுத்துரைக்கின்றார்.",False
684,"இத்தகைய கொடை, அளி முதலிய மாண்பினால் நாட்டில் பொருள் விளைவு மிகுதிப்படும்.",False
685,"ஆதலால், இயற்றலும் ஈட்டலும் காத்தலும் காத்த வகுத்தலும் வல்ல தரசு என்று கூறுகின்றார்.",False
686,"ஈட்டற்குச் செல்லும் உள்ளம், இயற்றலை நாடாது ஒழிவதும், காத்ததை வகுத்தலில் பிழைபடுவதும் இயல்பு.",False
687,சினம் உண்டாகக்கூடிய சிறு சொற்களும் பேசப்படும்.,False
688,அவற்றால் அறிவு அறை போகாமல் பொறுத்து ஆற்றும் பண்பும் வேந்தனுக்கு மிகவும் வேண்டற்பாலதாம்.,False
689,"இல்லையாயின், அறிஞர் நீங்குவர் அரசு அல்லற்படும்.",False
690,"ஆதலால் தான் திருவள்ளுவர், செவிகைப்பச் சொல்பொறுக்கும் பண்புடை வேந்தன் கவிகைக்கீழ்த் தங்கும் உலகு என்று கூறுகின்றார்.",False
691,"அஃது எங்ஙனம் எனில், அவர்கட்கு வேண்டுவதை அறிந்து ஈதல் வேண்டும்.",False
692,"இதனை, இன்சொலால் ஈத்தளிக்க வல்லார்க்குத் தன்சொலால் தான்கண் டனைத்திவ் வுலகு என்று கூறுகின்றார்.",False
693,"இப் பண்பும் சூழ்ச்சியும் வன்மையுடையார்க்கே அமைவது என்று குறிக்கவே, வல்லார்க்கு என்று உரைக்கின்றார்.",False
694,"கல்வி கல்வியின் நோக்கம் திருவள்ளுவர் காலத்தில் அறிவு பெறு வதும், ஒழுக்கத்தைப் பெறுவதுமாக இருந்தது.",False
695,இன்றைய கல்வி தொழில் நோக்கமும் வேலை தேடும் நோக்கமும் குறிக் கொண்டு நிற்கிறது.,False
696,இதற்கு ஏற்ப கற்பிக்கும் முறையும் கற்பிக்கும் சாதனங் களும் மாறியிருக்கின்றன.,False
697,இந்நிலையில் கல்வி நெறியில் மிகப்பல கசடுகள் நிறைந்துள்ளன.,False
698,அவற்றை அறவே நீக்குவது கல்வியாக இருக்கவேண்டும்.,False
699,"கல்வி கற்கும் இளைஞர்கள், கற்கப்படும் நூல்களும், கற்பிக்கும் முறைகளும் காலந்தோறும் வேறுபடுகின்றன.",False
700,ஆயிரம் ஆயிரம் ஆண்டுகட்கு முன் தோன்றிய நூல்களும் ஆண்டுகளுக்கு முன் தோன்றியனவும் இருக்கின்றன.,False
701,"இவை அவ்வக்காலச் சூழ்நிலைக்கும், சமுதாயத்தின் நோக்கத்துக்கும் ஏற்றவாறு அமைந்துள்ளன.",False
702,காலச்சூழ்நிலை மாற்றத்தால் இக்காலத்தில் அக்கால வாழ்க்கை முறைகளைக் கடைப்பிடிக்க நினைப்பது முறையாகாது.,False
703,இக்காலக் கண்கொண்டு அவற்றிற்குப் பொருள் செய்து நடைமுறையில் அமையச் செய்வது வேண்டப்படுகிறது.,False
704,பொருளிலார்க்கு இவ்வுலகம் இல்லை என்பதையும் வெளிப்படையாகப் பிறிதோரிடத்தில் விளம்பினார்.,False
705,அப்பொருள் ஒருவனுக்குப் பிறக்கும் போதே வருவதில்லை.,False
706,அவனால் இடையிலே தேடப்படுவது அது போல இடையிலே தேடிப் பெறுவதாகிய கல்வியைப் பொருளோடு ஒப்ப நிறுத்தி இரண்டையும் சீர்தூக்குகின்றார்.,False
707,செலவிட்ட இடத்துப் பொருள் குறையும்.,False
708,கல்வியோ பிறர்க்கு ஈயும்போது குறைபடலின்றிப் பெருகும்.,False
709,இந்த இயல்பைக் காண்கின்றார் திருவள்ளுவர்.,False
710,கேடில் விழுச்செல்வம் கல்வி ஒருவற்கு மாடல்ல மற்றை யவை என்று எடுத்துரைக்கின்றார்.,False
711,மாடு என்றால் செல்வம்.,False
712,"அது பற்றியே, எண்ணென்ப ஏனை எழுத்தென்ப இவ்விரண்டும் கண்ணென்ப வாழும் உயிர்க்கு என்று கூறுகின்றார்.",False
713,அவ்வறிவு எவ்வாறு கல்வியால் எய்துகிறது?,False
714,கல்வி ஒரு மணற்கேணி அதாவது கிணறு போல்.,False
715,கேணி தோண்டத் தோண்ட நீர் சுரப்பது போலக் கல்வியும் கற்கக் கற்க அறிவு விளங்கிப் போகும்.,False
716,தொட்டனைத்து ஊறும் மணற்கேணி மாந்தர்க்குக் கற்றனைத்து ஊறும் அறிவு என்று கூறுகிறார்.,False
717,"ஒருவனிடத்தில் இருக்கும் பொருளைப் பெற வேண்டு மானால், அவனோடு அன்பாய்ப் பணிவாய், உரையாடிப் பெற வேண்டியிருக்கிறது.",False
718,"ஆனால் ஒன்று பொன்னும் பொருளும் போல இக்கல்வி, ஒருவன் தானே கண்டு எடுத்துக் கொள்ளத் தக்கதன்று.",False
719,கற்றவர் ஒருவரையடைந்து கற்றால் வருவது.,False
720,"அது போல கல்வியுடை யவன் முன் அன்பும் பணிவும் உடையவனாய் நின்றால், அவன் மனம் உவந்து கல்வியை வழங்குவான்.",False
721,"இவ்வுண்மை விளங்கவே, உடையார்முன் இல்லார்போல் ஏக்கற்றுங் கற்றார் கடையரே கல்லா தவர் என்று திருவள்ளுவர் கூறுகிறார்.",False
722,அன்பால் வணங்கிக் கற்பவன் உயர்வான் அவ்வாறு வணங்கி வழிபடாதவன் கல்லாதவனாய்க் கீழ்மையடைவான்.,False
723,அதற்குத்தான் எக்கற்றுக் கல்லாதவர் கடையரே என்று குறித்துக் காட்டுகிறார்.,False
724,"எக்கூறுதல், வணங்குதல்.",False
725,"இவற்றைக் கேட்டதும், இவ்வண்ணமே கற்பேன் என்று எழுகின்றவனைப் பார்க்கிறார் வள்ளுவர்.",False
726,கற்க கசடற கற்பவை கற்றபின் நிற்க அதற்குத் தக என்று கூறுகிறார்.,False
727,கற்பவற்றைக் கற்பதென்றால் கசடறக் கற்க வேண்டும்.,False
728,இவை எல்லாவற்றிலும் குற்றம் குறைகள் உண்டு.,False
729,அவற்றைக் கசடு என்பர்.,False
730,"இக்கசடு நீங்கி நிறைவும் தெளிவும் உண்டாகுமாறு கற்க வேண்டும் என்பதற்காகவே, கற்க கசடு அறக் கற்பவை என்று கூறுகிறார்.",False
731,இங்ஙனம் கல்வியைக் கற்றவரேயன்றி கல்லாதவரும் இவ் வுலகில் வாழத்தானே செய்கிறார்கள்.,False
732,வாழும் உயிர்க்குக் கல்வி இன்றியமையா என்பது ஏன்?,False
733,"எனில், மக்களும் உயிர் வாழ்கின்றனர் விலங்குகளும் உயிர் வாழ்கின்றன.",False
734,அது போலக் கற்றவர்களும் கல்லாதவர்களும் வாழ்க்கை நடத்துகிறார்கள்.,False
735,என்றாலும் விலங்கு களோடு ஒப்பாக மக்களை எண்ணுவதில்லை.,False
736,ஏனெனில் விலங்கி னிடத்து மனவுணர்வு அதாவது பகுத்துணர்வு இல்லை.,False
737,அது போலக் கற்றவனிடத்து விளங்கும் தெளிவுணர்வு கல்லாதவனிடத்து இல்லை அதனால் கற்றவனோடும் கல்லாதவன் ஒப்பாக முடியாது.,False
738,"அதனால், விலங்கொடு மக்கள் அனையர், இலங்குநூல் கற்றாரோடு ஏனை யவர் என்று கூறுகிறார்.",False
739,கற்றவர்க்கு இத் தெளிவும் விளக்கமும் எவ்வாறு உணர் கின்றன?,False
740,"எனின், அவர்கள் கற்பவை, உயிரறிவைத் தெளிவித்து விளங்கச் செய்வன என்று கூறுவாராய் இலங்குநூல் கற்றார் என்று உரைக்கின்றார்.",False
741,"அது கருதியே, கல்லாதான் ஒட்பம் கழியதன் றாயினும் கொள்ளார் அறிவுடை யார் என்று திருவள்ளுவர் கூறுகிறார்.",False
742,"அதனால்தான், கல்லா ஒருவன் தகைமை தலைப்பெய்து சொல்லாடச் சோர்வு படும் என்று திருவள்ளுவர் கூறுகிறார்.",False
743,"நம்முடைய கண், காது, மூக்கு, வாய், உடம்பு ஆகிய ஐந்தும் அறிவு பெறுதற்குக் கருவிகளாகும்.",False
744,"ஆயினும், இவற்றுள் கண்ணும் செவியும் சிறப்புடையவை.",False
745,"தொல்காப்பியரும், கண்ணினும் செவியினும் திண்ணிதின் உணரும் உணர் வுடை மாந்தர் என்று கூறுகிறார்.",False
746,கண்ணால் உலகியற் பொருள்களைக் கண்டும் அவற்றின் பண்பும் செயலும் உரைக்கும் நூல்களைப் படித்தும் அறிவு பெறுவது கல்வி.,False
747,"நம்மாற் காணமாட்டாத பொருள்களையும் நூல்களால் காட்டப்படாத நுட்பங்களையும், அறிந்தோர் சொல்லக் கேட்பது கேள்வி.",False
748,கற்பவை கற்கும்போது காணப்படும் கசடுகள் கேள்வியால் தான் எளிதில் நீங்கும்.,False
749,"கல்வியிலும் கேள்வி சிறந்ததாயின், கல்லாதவர் இதனைப் பெறலாமோ?",False
750,"ஊன்றுகோல் துணை செய்யும் என்பதற்கு, ஊற்றாம் துணை என்கின்றார்.",False
751,கல்வியைத்தான் சாகும் வரை கற்க வேண்டும் என்கிறீர்கள் கேள்வி எவ்வளவில் கேட்பது என்று கேட்கலாம்.,False
752,அதற்குத் திருவள்ளுவர் எவ்வளவு நல்லது கேட்கிறோமோ அவ்வளவும் நமக்கு அது பெருமையே தரும் என்று சொல்கிறார்.,False
753,எனைத்தானும் நல்லவை கேட்க அனைத்தானும் ஆன்ற பெருமை தரும் என்பது அவரது திருக்குறள்.,False
754,"கற்றறிவுடையவர் கேள்வியறிவும் உடையவர் என்பதை எங்ஙனம் அறிவது எனின், அதனை அவருடைய சொல்லால் அறியலாம்.",False
755,"எப்படி எனில் கல்வியும் கேள்வியும் உடையவர், ஒன்றைத் தவறாக உணர்ந்து கொண்டாலும் சொல்லும்போது பேதைமைப்படச் சொல்ல மாட்டார்கள்.",False
756,"இதனை, பிழைத்துணர்ந்தும் பேதைமை சொல்லார் இழைத்துணர்ந் தீண்டிய கேள்வி யவர் என்று இசைக்கின்றார்.",False
757,கல்வியுமில்லை கேள்வியும் இல்லை இப்படி ஒருவன் இருந் தால் என்ன செய்வது என்று ஒருகேள்வி எழுகிறது.,False
758,திருவள்ளுவர்க்கு ஓரளவு ஆத்திரம் வருகிறது.,False
759,அவன் இருப்பதாலும் மக்கட்கு ஒருவகை நன்மையும் இல்லை இல்லாமல் இறப்பதாலும் ஒருவகை நட்டமும் இல்லை என்கிறார்.,False
760,செவியிற் சுவையுணரா வாயுணர்வின் மாக்கள் அவியினும் வாழினும் என் என்று வருந்துகிறார்.,False
761,இதனை அறிந்தே இக்கால அரசுகள் நாட்டில் கல்லாதவரே இல்லாமற் செய்வதே நோக்கமாகக் கொண்டு பெரும் பொருளைச் செலவிடுகின்றன.,False
762,ஞானம் உண்டாக்குதல் நலமாகும் நாட்டிற்கே என்ற திருமந்திரம் நன்கு உருவாகி வருகிறது.,False
763,உயர்ந்த பண்பாடுகள் இளைஞரிடத்தே உருக்கொண்டு வருகின்றன.,False
764,"அறிவுடைமை கல்வி கேள்விகளால் மனிதனுடைய அறிவு கூர்மையும், விளக்கமும் பெறுகிறது.",False
765,அந்த அறிவு நம்மிடத்தில் எங்கே இருக்கிறது?,False
766,"அந்த மறைப்பையும் மறதியையும் நீக்கி, அறிவை ஒளிவிட்டு விளங்கச் செய்வது தான் கல்வி கேள்வியின் பயன்.",False
767,இவ்விரண்டும் ஒன்று சேர்ந்ததுதான் உண்மையறிவு.,False
768,அந்த அறிவை உடையவரையே அறிஞர் என்றும் அறிவுடையவர் என்றும் கூறுவர்.,False
769,அவர்களை எவ்வாறு அறியலாம் எனின் அதற்கு இரண்டு வழி கூறுகிறார்.,False
770,அறிவுடையார் ஆவது அறிவார் அறிவிலார் அஃதறி கல்லா தவர். என்பது அவரது திருக்குறள்.,False
771,அடுத்தது அவர்கள் அஞ்சவேண்டியதற்கு அஞ்சுவார்கள்.,False
772,அறிவில்லாதவர் அஞ்சமாட்டார்கள்.,False
773,"இதனை, அஞ்சுவது அஞ்சாமை பேதைமை அஞ்சுவது அஞ்சல் அறிவார் தொழில் என்று கூறுகிறார்.",False
774,அதைத் திருவள்ளுவர் நமக்கு வடித்துக் கூறுவதைக் கேளுங்கள்.,False
775,அதனைத் தன் போக்கில் விட்டால் இன்பத்தை விடத் துன்பம்தான் மிகுதியாய்க் கிடைக்கும்.,False
776,"ஆகையால், கண்டபடி ஓடாமல், தீயதை விலக்கி நல்லதையே நாடும்படி மனத்தை அடக்கியாள்வது அறிவு.",False
777,சென்ற இடத்தால் செலவிடா தீதுஓரீஇ நன்றின்பால் உய்ப்பது அறிவு என்று கூறுகிறார்.,False
778,அறிவுக்கு இந்த ஆற்றல் இருப்பதால்தான் உலகில் உயர்ந்த பண்புடைய நன்மக்கள் தோன்ற இடம் இருக்கிறது.,False
779,அதனால்தான் இராமலிங்க வள்ளலார் மனம் எனும் ஓர் பேய்க் குரங்கு மடப்பயலே என்று கடிந்துரைக்கின்றார்.,False
780,"அன்றியும் நம்மைச் சூழ்ந்துள்ள மக்களில் நமக்கு நண்பரும் உண்டு, பகைவரும் உண்டு, தீயவரும் உண்டு.",False
781,இவ்வாறன்றிப் பொதுவானவரும் உண்டு.,False
782,"இவர்களோடு பேசும்போது, நல்லதும் சொல்லுவார்கள், தீயதும் சொல்லுவார்கள்.",False
783,"அறிவுடையவரோ சொல்வார் சொல்வதையெல்லாம் ஏற்றுக்கொள்ள மாட்டார்கள், யார் எதைச் சொன்னாலும் கேட்டு அவர் சொல்லின் மெய்ம்மை யைத்தான் காண்பார்கள்.",False
784,"ஏனெனில், எப்பொழுதும் எப்பொருளி லும் உள்ள மெய்ம்மையைக் காண்பதுதான் அறிவுக்கு இயல்பு.",False
785,"அதனால்தான், எப்பொருள் யார்யார் வாய்க்கேட்பினும், அப்பொருள் மெய்ப்பொருள் காண்பது அறிவு என்று திருவள்ளுவர் கூறுகிறார்.",False
786,இத்தகைய அறிவுடையவர் சொல்லாடுவதே ஒரு தனி முறையாகும்.,False
787,"தான் சொல்லும் பொருள் எவ்வளவு அருமை வாய்ந்ததாக இருந்தாலும், கேட்பவர் எளிதாக அறிந்து கொள்ளத்தக்க சொற்களினால் உரைப்பார்கள்.",False
788,"அதே சமயத்தில் மற்றவர் சொல்லக் கேட்கும் போது, அவர்களுடைய சொல்லைப் பார்க்காமல், சொல்லப்படும் பொருள் நலத்தையே நுணுகிக் காண்பார்கள்.",False
789,நுணுகிச் சொல்வதுதானே இயல்பு.,False
790,"அதுபற்றியே, எண்பொருள் வாகச் செலச்சொல்லித் தான்பிறர்வாய் நுண்பொருள் காண்பது அறிவு என்று திருவள்ளுவர் சொல்லுகிறார்.",False
791,அறிவுக்கு நுட்பமும் வளர்ச்சியும் விளக்கமும் தருவது உலகம்.,False
792,அது பற்றியே உயிர்க்கு உலகத்தின் தொடர்பு உண்டாகி யிருக்கிறது.,False
793,ஆதலால் உலகம் எவ்வாறு இயங்குகிறதோ அவ்வாறு இயங்கித்தான் அறிவு வளர்ச்சியும் விளக்கமும் பெறுகிறது.,False
794,"அதை கருத்திற்கொண்டே, எவ்வது உறைவது உலகம் உலகத்தோடு அவ்வது உறைவது அறிவு என்று திருக்குறள் கூறுகிறது.",False
795,அது கூடாது.,False
796,மாறுவது உலகின் தன்மையாயினும் அறிவுக்கு விளக்கம் தருவதில் மாறுதல் கிடையாது.,False
797,அறிவும் மேன்மேலும் விளக்கம் பெறும் இயல்பினதே அன்றி விரிவதும் சுருங்குவதுமாகிய மாறும் தன்மை உடையதல்ல....,False
798,ஆதலால் விளக்கம் தரும் உலகத்தை விடாது தழுவிச் செல்வதுதான் அறிவுடைமை.,False
799,"அதனால்தான், உலகம் தழீஇயது ஒட்பம் மலர்தலும் கூம்பலும் இல்லது அறிவு என்று திருவள்ளுவர் கூறுகிறார்.",False
800,வரப்போவதை முன்கூட்டியறியும் திறம் உண்டாகும்.,False
801,அப்போது நம்மைக் காத்துக் கொள்ளும் ஆற்றல் பெற்றுத் துன்பம் இன்றி இருக்கலாம்.,False
802,"இது பற்றித்தான் திருவள்ளுவர், எதிரதாக் காக்கும் அறிவினார்க்கு இல்லை அதிர வருவதோர் நோய் என்று கூறுகிறார்.",False
803,"வருவது தெரியாமல் துன்பம் வந்து தாக்குமானால் நமது உடம்பும், உள்ளமும் அதிர்ச்சியடைந்து நடுங்கும்.",False
804,"வருவது முன்பே தெரியுமானால், மனதில் அதிர்ச்சியோ உடம்பில் நடுக்கமோ உண்டாகாது.",False
805,அதனால் தான் இல்லை அதிரவருவதோர் நோய் என்று கூறுகிறார்.,False
806,"இனி, நடந்ததை மறந்து குற்றப்படும் நிலைமை யும் உண்டு.",False
807,அந்த நிலையை அற்றம் என்பர்.,False
808,"ஒரு பொருளை மறந்து விட்டோம் எனில், ஒன்றை இருட்டறையில் வைத்து விட்டது போலாம்.",False
809,அதனால் மறந்ததை நினைவில் கொணர்வதற்கு அறிவு சிறந்ததொரு கருவியாவதைக் காணலாம்.,False
810,"அதனைத் திருவள்ளுவர், அறிவுஅற்றம் காக்கும் கருவி செறுவார்க்கும் உள்ளழிக்க லாகா அரண் என்று கூறுகிறார்.",False
811,அரண் என்னும்போதே அது பகைவர் உட்புகுந்து அழிக்காத படி தடுப்பது குறித்து அமைக்கப்படுவது என்ற கருத்து நினைவில் எழுகிறது.,False
812,பகைவருக்கும் அரண்களைத் தகர்த்து உட்புகுந்து அழிப்பதே நோக்கம்.,False
813,"அறிவை அரண் என்போமாயின் அதனைத் தாக்கும் பகைவரும், உட்புகுந்து அழிக்கும் செயலும் யாவை என்ற கேள்வி எழும்.",False
814,எனவே அறிவு ஒருவனது வாழ்க்கைக்கு எவற்றாலும் அழிக்க முடியாத பாதுகாப்பு என்று அறிகின்றோம்.,False
815,அதனால் அவர்கள் எல்லாவற்றையும் உடைய செல்வராகின்றார்.,False
816,"இதையே சுருக்கமாக, அறிவுடையார் எல்லாம் உடையார் அறிவிலார் என்னுடைய ரேனும் இலர் என்று திருக்குறள் கூறியது.",False
817,"எனவே, அறிவில்லாதவன் வறுமை எய்திக் கெடுவான் அறிவுடையவன் எல்லாம் பெற்று இன்பமாக வாழ்வான் என்று அறிகின்றோம்.",False
818,தன்குறை நீக்குதல் அறிவுடைமை பற்றிப் பேசியபோது அறிவு அற்றம் காக்கும் கருவி என்று திருவள்ளுவர் சொன்னார்.,False
819,அற்றம் என்பது மறதி அதுதான் நம் குற்றங்கள் எல்லாவற்றிற்கும் முதற்காரணம்.,False
820,அதனால் நமக்குப் பலருடைய வெறுப்பும் அறவழியாகப் பகைமையும் உண்டாகின்றன.,False
821,குற்றம் செய்யாமல் இருக்க முடியுமா?,False
822,குற்றமே உடையவரும் குணமே நிறைந்து வரும் உலகத்தில் இல்லை அல்லவா?,False
823,சிறந்த அறிவுடையவரு ஓரொரு காலத்தில் குற்றம் செய்வ தில்லையா?,False
824,என்று கேட்பவர் உண்டு.,False
825,மனிதன் குற்றம் செய்யக் கூடியவன்தான்.,False
826,"நமக்கு இன்பம் செய்பவரை நண்பர், அன்பர் என்றும், துன்பம் செய்பவரை வேண்டாதவர், பகைவர் என்றும் சொல்லுவது உலகியல்.",False
827,"எனவே இன்பம் தருவது நட்பு என்றும், துன்பம் தருவது பகை என்றும் நூல்கள் கூறுகின்றன.",False
828,குற்றம் துன்பம் பயப்பதால் அது நமக்குப் பகையாகிறது.,False
829,ஆகவே நம்மிடமுள்ள குற்றம் குறைகளே நமக்குப் பகையாய்த் துன்பம் செய்கின்றது.,False
830,"எனவே, அவைகளை அறிந்து நம்மிடம் உண்டாகாமல் இல்லாமல் நீக்க வேண்டியது கடமையாகிறது.",False
831,"அதை வற்புறுத்துவதற்கே திருவள்ளுவர், குற்றமே காக்க பொருளாகக் குற்றமே அற்றம் தரூஉம் பகை என்று கூறுகிறார்.",False
832,"இங்ஙனம், நம்மிடம் உண்டாகாமல் காக்க வேண்டிய குற்றங்கள் யாவை?",False
833,"அவை, செருக்கு, சினம் சிறுமை இவறல், மாண்பிறந்த மானம், மாணா உவகை என ஆறாகும் என்று திருக்குறள் கூறுகிறது.",False
834,"இவற்றில் முற்படக் குறிக்கும் செருக்கு, சினம், சிறுமை என்ற மூன்றில் சிறுமை என்பது காமம் அதாவது ஆசை.",False
835,"பொருள்மேலும், பெண்ணுக்கு ஆண்மேலும், ஆணுக்குப் பெண் மேலும் உண்டாகிற ஆசை.",False
836,சினம் அதாவது கோபம் குற்றம் என்று எல்லாரும் அறிந்தது.,False
837,இம்மூன்றும் ஒருவனுடைய வாழ்வில் தன்னையறியாமல் தோன்றுபவையாதலால் இவை முதலில் எடுத்துக் கூறப்படுகின்றன.,False
838,செருக்கும் சினமும் சிறுமையும் இல்லார் பெருக்கம் பெருமித நீர்த்து என்று திருவள்ளுவர் கூறுகிறார்.,False
839,செருக்கில்லாதவனை மக்கள் அனைவரும் நன்கு மதிப்பர் சினமில்லாதவனை யாவரும் பரிந்து ஆதரிப்பர்.,False
840,ஆசை அற்றவனை எவரும் விரும்புவர்.,False
841,"இதனால், செருக்கும், சினமும், ஆசையும் இல்லாதவர் செல்வம், மக்கள் ஆதரவு, புகழ் முதலிய நலங்களைப் பெருக அடைவர்.",False
842,அப் பெருக்கம் அவர்க்கேயன்றி அவரைச் சூழ்வுள்ள மக்களுக்கும் பெருமிதம் உண்டுபண்ணுவது உறுதி.,False
843,"அதனால், பெருக்கம் பெருமித நீர்த்து என்கிறார்.",False
844,"அவற்றுள், இவறல் என்பது கடுமையான பற்றுள்ளம்!",False
845,அதாவது கடுஞ்சிக்கனம்.,False
846,இதனால் அவருக்கு மாண்போ மதிப்போ உண்டாகாது அதனால் மாண்பு இறந்த மானம் என்று திருவள்ளுவர் உரைக்கின்றார்.,False
847,தன்னைத் தவிர மற்றைய எல்லாரையும் இகழ்ந்து நகையாடிக் களிப்பது சிலரிடத்தே காணப்படும் குற்றம்.,False
848,அதைத் திருவள்ளுவர் மாணா உவகை என்று குறிப்பர்.,False
849,அதுபற்றியே இம் மூன்றும் ஏதம் இறைக்கு என்று திருவள்ளுவர் கூறுகின்றார்.,False
850,ஏதம் என்பது குற்றம் அல்லது தீங்கு என்று பொருள்.,False
851,"கடுஞ்சிக்கனம் என்ற குணமுடையவர், வயிறார உண்ணமாட்டார்.",False
852,"அது கண்டே, செயற்பால செய்யாது இவறியான் செல்வம் உயற்பால தன்றிக் கெடும் என்று திருவள்ளுவர் தெரிவிக்கின்றார்.",False
853,கடுஞ்சிக்கனமாக இருக்கும் இயல்பு ஒருவனுக்கு எப்படி உண்டாகிறது என்று திருவள்ளுவர் சிந்திக்கின்றார்.,False
854,இவறன்மை எனப்படும் பற்றுள்ளம் அதாவது உலோபத்தனம் என்பது தனியான குற்றம்.,False
855,"செருக்கு, சினம் முதலிய மற்றைய குற்றங்கள் செய்கிறவனுக்கு ஓரளவும் மற்றவர்களுக்கு ஓரளவும் வருத்தம் செய்யும்.",False
856,"பற்றுள்ளம் என்னும் இந்தக் குற்றம் செய்பவனையே கெடுத்து அழித்துவிடுவதால், குற்ற வகைகள் எதிலும் அடங்குவ தில்லை.",False
857,அதனால் குற்றங்கள் எற்றுள்ளும் எண்ணப்படுவதொன் றன்று என்று கூறுகிறார்.,False
858,மக்களிடம் அமைந்து வாழ்க்கையைத் துன்பத்து உள்ளாக்கும் இக்குற்றங்கள் எவ்வாறு கெடுக்கின்றன?,False
859,இதனை எண்ணுகிற திருவள்ளுவர் ஓர் உண்மையைக் கண்டு கூறுகின்றார்.,False
860,அறிவுடையார் ஆவது அறிவார் என்றாரல்லவா?,False
861,இக்குற்றங்கள் ஆவதை அறியும் அந்த அறிவை மறைத்து விடுகின்றன.,False
862,"அதனால், அவர்கள் வருவது முன் அறிந்து காக்கும் வாய்ப்பை இழந்துவிடுகிறார்கள்.",False
863,"அதனை, தினைத்துணையாம் குற்றம் வரினும் பனைத்துணையாக் கொள்வர் பழிநாணு வார் என்று திருவள்ளுவர் கூறுகிறார்.",False
864,"அங்ஙனமாயின், இக்குற்றங்கள் நம்மிடத்தில் உண்டாகாமல் தடுப்பதற்கு திருவள்ளுவர் ஏதேனும் வழி சொல்லுகிறாரா?",False
865,"எனின், குற்றவியல்களைக் கண்டறிந்து சொல்லுபவர், அதைச் சொல்லாமல் இருப்பாரா?",False
866,"அறிவுடையவருக்கு தம்மிடத்திலும், பிறரிடத்திலும் உள்ள குற்றங்கள் நன்றாகத் தெரியும்.",False
867,குற்றங்களைக் கண்டால் திருத்து வதற்குத்தான் மனம் ஓடும்.,False
868,"பிறருடைய குற்றம் கண்டு அதனை நீக்கி முறை செய்வது அரசனுக்கும், தலைவர்களுக்கும் கடனாகும்.",False
869,"ஆனால், பிறர் குற்றத்தைக் கண்டு நீக்க முயல்பவர் தம்மிடத்தில் அத்தகைய குற்றம் இல்லாதிருக்க வேண்டும்.",False
870,குற்றமுடையவன் பிறர் குற்றத்தை நீக்க முடியாது.,False
871,"இதனை, தன்குற்றம் நீக்கிப் பிறர்குற்றம் காண்கிற்பின் என்குற்ற மாகும் இறைக்கு? என்று கூறுகிறார்.",False
872,"இக்குற்றங்கள் எப்படி உண்டாகின்றன எனின், ஒவ்வொரு வனுக்கு தன்னை மற்றவனைவிடத் தாழ்வாக நினைப்பதில்லை.",False
873,தன்னை உயர்வாகவே மதிப்பது இயற்கை.,False
874,குற்றம் தோன்றுவதற்கு அது ஒரு வழி அடுத்தபடியாக வினையே ஆடவர்க்கு உயிர் என்பர்.,False
875,அவ்வினைகளில் நன்மை விளைவதும் உண்டு தீமை விளைவதும் உண்டு.,False
876,நன்றி விளைவும் தீதொடு வரும் என்று நற்றிணையில் ஒரு பெண் கூறுகிறாள்.,False
877,"பொருள்மேல் ஆசையும், காமமும், குற்றம் வருவதற்கு வழியாகும்.",False
878,அவர்களை எத்தனை நுண்ணிய சூழ்ச்சி படைத்த பகைவராலும் ஒன்றும் செய்ய முடியாது.,False
879,"இதனை, காதல காதல் அறியாமை உய்க்கிற்பின் ஏதில ஏதிலார் நூல் எனத் திருக்குறள் கூறுகிறது.",False
880,தகுந்த துணை தனி மனிதனுடைய அறிவு ஒரு சுருங்கிய எல்லைக்குள் அடங்குவது.,False
881,"அன்றியும், அது, கல்வி, கேள்விகளின் அளவையும் வாழ்க்கைச் சூழ்நிலையின் தன்மையையும் சார்ந்திருப்பது.",False
882,அப்பண்பு உண்டாவதற்கு அறிவும் ஆற்றலும் உடைய பெரியோர்களின் துணை இன்றியமை யாததாகும்.,False
883,"வாணிகம் செய்யும் ஒருவனுக்கு முதல் வேண்டியிருப்பதுபோல, நன்கு வாழ விரும்புபவனுக்குப் பெரியோர்களின் துணைதான் முதலீடு.",False
884,முதல் இல்லை யானால் வாணிகமும் இல்லை ஊதியமும் இல்லை அது போலப் பெரியோர்களின் துணையில்லாதவனுக்கு வாழ்வும் இல்லைநிலைபேறும் இல்லையாம்.,False
885,"அது விளங்கவே, முதல்இலார்க்கு ஊதியம் இல்லை மதலையாம் சார்புஇல்லார்க்கு இல்லை நிலை என்று திருவள்ளுவர் கூறுகின்றார்.",False
886,எதனையும் தூண் போலத் தாங்குவதால் பெரியோர்களின் துணையை மதலையாம் சார்பு என்று குறிக்கின்றார்.,False
887,இத்தகைய பெரியோர்களின் இயல்பைத் தெரிந்தால்தான் அவர்களிடையே துணையின் சிறப்பை நாம் அறிய முடியும்.,False
888,இப்பெரியவர்கள் பலதிறமாக இருப்பர்.,False
889,அறம் பலவற்றையும் உணர்ந்து உலக வாழ்வில் தோய்ந்து முதிர்ந்து பண்பட்ட பெரியோர்களும் உண்டு.,False
890,"அதனை, அறன்அறிந்து மூத்த அறிவுடையார் கேண்மை திறன்அறிந்து தேர்ந்து கொளல் என்று தெரிவிக்கின்றார்.",False
891,"இவர்களின் துணை அறிவு வடிவாய் இருப்பது அதனால், அறிவுடையார் கேண்மை என்று குறிக்கின்றார்.",False
892,"நமக்கு இடர் வந்தபோது தாங்கி அதனை நீக்கி, மேற் கொண்டு துன்பங்கள் வராதபடி முன்னறிந்து துணைபுரியும் பெரியோர்கள் சிலர்.",False
893,"அவரது துணைசெயல் வடிவில் இருப்பது பற்றி, அதனை விரும்பிப் பெற வேண்டும்.",False
894,"அதற்காகவே, உற்றநோய் நீக்கி உறாமை முற்காக்கும் பெற்றியார்ப் பேணிக் கொளல் என்று அறிவுறுத்துகின்றார்.",False
895,"வேறு சிலர், நாம் நெறிமயங்கித் தவறு செய்யும் காலத்தில் செவி சுடத்தக்க சொற்களால் இடித்துரைக்கும் இயல்புடையவ ராவர்.",False
896,அவருடைய துணை ஒரு காலும் ஒரு கேடும் உண்டாகாமல் காக்கும் நிலைத்த துணையாகும்.,False
897,காலமும் கருவியும் இடமும் வாய்ந்த போதுதான் படை முதலியவற்றின் வன்மை செயற்பட்டுப் பயன் படும்.,False
898,அப்படைக்கு ஊக்கமும் பொருட்கு ஆக்கமும் நல்குவதே இப்பெரு மக்களின் துணை.,False
899,ஆதலால் பெரியோர்களின் துணை போல வேந்தனுக்கு வன்மை தருவது வேறில்லை.,False
900,"அதனால், தம்மின் பெரியார் தமரா ஒழுகுதல் வன்மையுள் எல்லாம் தலை என்று கூறுகிறார்.",False
901,"மேலும், நாம் வாழும் உலகமே பெரியோர்களின் வழியிலே செல்வது.",False
902,உலகம் என்பது உயர்ந்தோர் மாட்டே என்ற பழமொழியே இதற்குச் சான்று.,False
903,"உலக நிகழ்ச்சிகளைக் கண்டு உதிர்காலத்தின் இயல்பை உணர்ந்து மக்களுக்கு வழிகாட்டிடுவதால், உலகம் அவர்களைக் கண் போலக் கருதி ஒழுகுகிறது.",False
904,"அது பற்றியே, சூழ்வார்கண் ணாக ஒழுகலான் மன்னவன் சூழ்வாரைச் சூழ்ந்து கொளல் என்று திருவள்ளுவர் வற்புறுத்துகிறார்.",False
905,பெரியோர்க்கு மாறாக ஒரு கூட்டம் இயக்கத்தான் செய்கிறது.,False
906,அதனைச் சிற்றினம் என்று கூறுவர்.,False
907,அதனைக் கண்டாலே பெரியோர் அஞ்சி நீங்குவர்.,False
908,"ஏனெனில், ஒட்டுவார் ஒட்டி போல அருகில் நெருங்கினால் நம்மைப் பற்றிக் கொண்டு சுற்றத்தாராய்ச் சூழ்ந்து கொள்ளும்.",False
909,"இது பற்றியே, சிற்றினம் அஞ்சும் பெருமை சிறுமைதான் சுற்றமாச் சூழ்ந்து விடும் என்று திருவள்ளுவர் கூறுகிறார்.",False
910,"நெஞ்சில் தீய நினைவையும், செயலில் தீய செயலும் தோற்றுவித்துக் கெடுக்கிறது.",False
911,"அது கண்டே, நல்லினத்தின் ஊங்குந் துணையில்லை தீயினத்தின் அல்லற் படுப்பதூஉம் இல் என்று கூறுகிறது.",False
912,"மக்கள் உயிர்க்கு அறிவு, மனம் என்ற இரண்டும் சிறந்த உட்கருவிகள்.",False
913,நல்லதன் நன்மையும் தீயதன் தீமையும் உள்ளவாறு கண்டுகொள்வது அறிவு.,False
914,"அறிவுக்கும் உடம்பிலுள்ள கண், காது முதலிய பொறிகளுக்கும் இடையில் நின்று அறிவு வழியிலும் பொறி வழியிலும் இயங்குவது மனம்.",False
915,அறிவு தன்னிலையில் தூய்மை யானது ஆனால் எதனைச் சார்கிறதோ அதன் இயல்பை அடையும் தன்மை வாய்ந்தது.,False
916,"அது பற்றியே, சார்ந்ததன் வண்ணமாம் தன்மையுடையது அறிவு என்பர்.",False
917,"இதனைத் திருவள்ளுவர், நிலத்தியல்பால் நீர்திரிந் தற்றாகும் மாந்தர்க்கு இனத்தியல்ப தாகும் அறிவு என்று கூறுகிறார்.",False
918,"நீர் நிலத்திலே காணப்படுவது போல, மக்களும் தத்தம் இனத்திடையே காணப்படுகின்றனர்.",False
919,நீருக்குத் தன்னளவில் நிறமோ சுவையோ கிடையாது.,False
920,"ஆயினும் அது சார்ந்துள்ள நிலத்தின் நிறத்தையும், சுவையையும் அடையும்.",False
921,"அதுபோல மக்கள் அறிவும் சார்ந்த இனத்தின் இயல்பால் பெருமையும், சிறுமையும் வருகிறது.",False
922,"ஒருவனுடைய பேச்சிலும், செயலிலும் அவனுடைய அறிவின் இயல்பைக் காண்கிறோம்.",False
923,"பேச்சுக்கும், செயலுக்கும் நேரிய கருவி மனம் அதனால் ஒருவனது அறிவு அவன் மனத்தில் இருப்பது போலத் தோன்றும்.",False
924,ஆனால் நீரின் இயல்பை நிலம் மாற்றுவது போல ஒருவனுடைய அறிவு அவன் சார்ந்துள்ள இனத்தால் மாற்றம் அடைகிறது.,False
925,"இதனை, மனத்து உளதுபோலக் காட்டி ஒருவற்கு இனத்துள தாகும் அறிவு என்று திருவள்ளுவர் தெளிவுபடுத்துகிறார்.",False
926,இதனால் அறிவு வெளிப்படுதற்கு மனம் இடமாகுமேயன்றி மனமே அறிவாவதில்லை.,False
927,அறிவு தூயதானால் மனம் அதன்வழி நின்று தூய்மையுடன் இயங்கும் பேச்சும் செய்கையும் தூய்மையாக நல்லவையாக இருக்கும்.,False
928,"ஆகவே ஒருவனுடைய மனத் தூய்மைக்கும், செவியின் தூய்மைக்கும் பற்றுக்கோடு அறிவின் தூய்மை என்று அறிகிறோம்.",False
929,அறிவுக்குத் தூய்மை தருவது அது சார்ந்துள்ள இனம் என்பதை முன்பே கூறினார்.,False
930,"ஆதலால், மனம்தூய்மை செய்வினை தூய்மை இரண்டும் இனம்தூய்மை தூவா வரும் என்று கூறுகிறார்.",False
931,"மனம் அறிவின்வழி நிற்பதாயினும், பொறி புலன்களின்வழி நின்று உணர்வுகளைக் கொணர்ந்து ஊட்டி அறிவை வளர்க்கும் தனிச்சிறப்புடையது.",False
932,அது பற்றியே திருவள்ளுவர் மனத்தானாம் மாந்தர்க்கு உணர்ச்சி என்று கூறுகிறார்.,False
933,"ஒருவன் அறிவுக்குப் பெரியோர் சார்பு இருக்குமானால், அவன் தக்கோன் என்று பாராட்டப்படுகிறான்.",False
934,"சிற்றினத்தின் சார்புடைய னானால், மக்களால் கீழோனாகப் பழிக்கப்படுவான்.",False
935,"அதுபற்றியே, மனத்தான்ஆம் மாந்தர்க் குணர்ச்சி, இனத்தான்ஆம் இன்னான் எனப்படும் சொல் என்று கூறுகின்றார்.",False
936,"மனம் அறிவை நல்வழியில் செலுத்துமாயின், இனமும் அதற்கு ஏற்ப நலமுடையதாய் இருக்க வேண்டும்.",False
937,மனநலம் நன்கு உடையாராயினும் சான்றோர்க்கு இனநலம் ஏமாப் புடைத்து என்கிறார்.,False
938,"மனம் நல்லதாய்த் தன்னை இயக்கும் அறிவையும் தன்வழியில் நிற்கச் செய்வதாயின், சான்றாண்மை வந்து அமைந்துவிடும்.",False
939,அதனால்தான் மனநலம் மிக உடையவரைத் திருவள்ளுவர் சான்றோர் என்று சிறப்பிக்கின்றார்.,False
940,"இத்தகைய மனநலமும், இனநலமும் ஒருங்கு பெறுவதுதான் மக்களுடைய நோக்கமாக இருக்கவேண்டும்.",False
941,செயல்முறை உலகில் வாழ்கின்ற நாம் ஏதேனும் வேலை செய்து கொண்டே இருக்கிறோம்.,False
942,"நினைப்பதும், பேசுவதும், செய்வதும் எல்லாம் வேலைதான்.",False
943,வேலை என்ற சொல்லை இலக்கண நூல்கள் வினை யென்று கூறும்.,False
944,சமயநூல்கள் குறிக்கும் வினையும் இந்த வேலை யைத் தான்.,False
945,"சங்ககால இலக்கியங்களும், திருக்குறள் முதலிய அறநூல்களும் நாம் செய்யும் செயல்கள் யாவற்றையும் வினை யென்றே குறித்துள்ளன.",False
946,இந்த வினை காரணமாகத்தான் நாம் உலகில் பிறக்கிறோம்.,False
947,வினை செய்து வாழ்கிறோம்.,False
948,வினை செய்வதால்தான இறக்கின் றோம்.,False
949,நம் உடம்பு வினையின் வந்தது வினைக்கு விளைவாயது என்று மணிமேகலை கூறுவதும் இக்கருத்தை உட்கொண்டுதான்.,False
950,"உலகில் மக்களையும் அவர்கள் செய்யும் வேலைகளையும் பார்த்தால் வேலை செய்யா ஆணோ, பெண்ணோ இல்லை.",False
951,"இவ்வாறு பார்க்கின் கோடிக்கணக்கில் வருவாய் தரும் வேலையும், பைசா கணக்கில் வருவாய் தரும் வேலையும் வேலை என்றுதான் ஆகிறது.",False
952,ஆகவே நாடாளும் அரசனும் வேலை செய்கிறவன் தான் அவன் அரண்மனையில் கூட்டிப் பெருக்கும் வேலைக்காரனும் வேலை செய்கிறவன்தான்.,False
953,"அரசனுக்குரிய வேலையை முறை செய்தல், காப்பாற்றுதல் என்றும், இயற்றல், ஈட்டல், காத்தல், காத்தவற்றை வகுத்தல் என்றும் திருவள்ளுவரே கூறுகின்றார்.",False
954,"இவ்வேலை ஒவ்வொன்றும் காலம் நோக்கியும், இடம் பற்றியும் செய்யத் தக்கதும், தகாததும் என இருவகைப்படுகின்றது.",False
955,செய்யத்தக்கதைச் செய்தே தீரவேண்டும்.,False
956,செய்யாவிட்டால் துன்பம் உண்டாகும்.,False
957,"செய்யுமிடத்துத் தவறான முறையில் செய்தா லும், செய்யத் தகாததைச் செய்தாலும் துன்பம் துன்பமேயாகும்.",False
958,"இதுபற்றியே திருவள்ளுவர், செய்தக்க அல்லதுசெயக் கெடும் செய்தக்க செய்யாமை யானும் கெடும் என்று தெரிவிக்கிறார்.",False
959,"இனி, ஒரு வேலை செய்யத்தக்கது என்று கண்டவுடனே செய்ய முற்படலாகாது.",False
960,அதைப் பற்றி நன்கு சிந்தித்துச் செயலில் இறங்கவேண்டும்.,False
961,இறங்கின பிறகு அதற்கு வேண்டியவைகளை எண்ணிக் கொள்ளலாம் என்று சிந்திப்பதைவிட நினைப்பது தவறு.,False
962,சோம்புகின்றவர்கள் உண்டு அது குற்றம்.,False
963,"அதனை, எண்ணித் துணிக கருமம் துணிந்தபின் எண்ணுவம் என்பது இழுக்கு என்று திருக்குறள் கூறுகிறது.",False
964,ஒரு வேலை செய்யத் தக்கது என்று பட்டபின் எண்ண வேண்டியவை யாவை என்ற கேள்வி எழுகிறது.,False
965,உழைப்பவனுக்கு ஊதியமில்லை என்றால் அது பயனற்ற வேலையாய்விடும்.,False
966,"அதற்காகவே, அழிவதூஉம் ஆவதூஉம் ஆகி வழிபயக்கும் ஊதியமும் சூழ்ந்து செயல் என்று திருவள்ளுவர் சொல்லுகிறார்.",False
967,வேலையை மேற்கொண்டு தொடங்குதற்கு முன்பே அதற் காகும் செலவு வரவுகளை எங்ஙனம் எண்ணுவது என்று கேட்கலாம்.,False
968,அதுபோன்ற வேலைகளைச் செய்து பயன்கண்ட நண்பர்களைக் கலந்து ஆராய்தல் வேண்டும்.,False
969,ஆராய்ந்து செய்தால் எல்லாம் எளிதில் முடியும்.,False
970,முடியாதது ஒன்றும் இராது.,False
971,"இதனை, தெரிந்த இனத்தொடு தேர்ந்துஎண்ணிச் செய்வார்க்கு அரும்பொருள் யாதொன்றும் இல் என்று திருக்குறள் உரைக்கின்றது.",False
972,"வேலையின் பல்வேறு பகுதிகளையும், நுட்பங்களையும் தெரிந்த உண்மையான நண்பர்களையும் சுற்றத்தாரையும் தெரிந்த இனம் என்று குறிக்கின்றார்.",False
973,அவர்களோடு கலந்து அவர்கள் கூறுவதைக் கேட்பதோடு தானும் உடனடியாக எண்ணிப் பார்க்க வேண்டும்.,False
974,அதற்காகத்தான் தெரிந்த இனத்தொடு தேர்ந்து என்பதோடு நில்லாமல் எண்ணிச் செய்வார்க்கு என்று குறட்பா கூறுகிறது.,False
975,ஒழுங்காய் வேலை செய்து இன்பமாக இருப்பவரைக் கண்டு மகிழ்வது இன்றைய மக்கள் சூழலில் பொதுவாகப் பெரும்பாலும் இல்லை.,False
976,"பொறாமையும், பகைமையும் கொண்டு குற்றம் குறை ஏற்படின் தூற்றுவதில்தான் இன்பம் காணப்படுகிறது.",False
977,"இல்லையானால், பகைவர் என்ற முட்செடியைப் பாத்தி கட்டி நீரூற்றி வளர்ப்பதுபோல ஆகும் என்று சொல்லுகிறார் திருவள்ளுவர்.",False
978,"அதற்காகவே, எள்ளாத எண்ணிச் செயல்வேண்டும் தம்மொடு கொள்ளாத கொள்ளாது உலகு என்று கூறுகிறார் வள்ளுவர்.",False
979,"ஆதலால், இவ்வேறுபாடுகட்கு ஏற்ப உரியவற்றை முறைப்படி செய்து வேலையைத் தொடர்ந்து செய்ய வேண்டும்.",False
980,"இந்த ஏற்பாட்டை நேரிய வழியில் செய்யாவிடின், குற்றமும் குறையும், தோன்றி மிக்க வருத்தத்தை விளைவிக்கும்.",False
981,பின்பு எத்தனை பேர் வந்து தாங்கிச் செம்மை செய்தாலும் குறை குறையாகவே இருக்கும்.,False
982,"இதற்காகவே, ஆற்றின் வருந்தா வருத்தம், பலர்நின்று போற்றினும் பொத்துப் படும் என்று திருக்குறள் கூறுகிறது.",False
983,"இனி, மேற்கொண்ட வேலையின் ஒவ்வொரு பகுதிக்கும் நிலைக்கும் தக்க ஆட்கள் வேண்டும்.",False
984,"அவ்வவ் வேலைகளைச் செய்து பயின்றவராயினும், தகுதியிலும், திறமையிலும் எல்லாரும் ஒரு தன்மையராக இருக்கமாட்டார்கள்.",False
985,ஒருவர்க்கொருவர் ஓரளவு மிக்கும் குறைந்தும் இருப்பர் பண்பு செயல்களிலும் வேறுபடுவர்.,False
986,"இவர் அனைவரையும் சமமாகக் கருதுவோமாயின், வேலையின் செயற்பாடு சிறப்பாக இல்லாமல் போய்விடும்.",False
987,"அவரவரின் தகுதியும், திறமையும், பண்பாடும் தனித்தனி நன்கு கண்டு அவை கட்கு ஏற்ற வகையில் மதிப்பளித்துப் போற்ற வேண்டும்.",False
988,அதுதான் அவர்கள் மனதை வேலையை நேர்மை வழியில் செய்யுமாறு பிணிக்கவல்லதாகும்.,False
989,இதனைக் கருத்தில் கொள்ளாமல் எல்லார்க்கும் எத்தனை நலங்களைச் செய்தாலும் தவறுண்டாகும்.,False
990,"இதுபற்றியே, நன்றாற்ற லுள்ளும் தவறுண்டு அவரவர் பண்பறிந்து ஆற்றாக் கடை என்று திருவள்ளுவர் சுருக்கமாகக் காட்டித் தெரிவிக்கிறார்.",False
991,இதுதான் வேலை வாங்கும் மேலாளரிடம் இருக்கவேண்டிய மதிநுட்பம்.,False
992,பிறரையும் செய்யுமாறு ஊக்கப்படுத்த மாட்டார்கள்.,False
993,"அதுபற்றியே, ஆக்கம் கருதி முதல்இழக்கும் செய்வினை ஊக்கார் அறிவுடை யார் என்று திருவள்ளுவர் கூறுகிறார்.",False
994,முதலுக்கே அழிவு தருவதாயின் அவ்வேலையைச் செய் வதற்கு அறிவுடையோர் தாமும் ஊக்கம் கொள்ள மாட்டார் பிறரையும் ஊக்கமாட்டார்.,False
995,"அதனால் தான், முதல் இழக்கும் செய்வினை ஊக்கார் அறிவுடையார் என்று மொழிகின்றார்.",False
996,"தொழில் நுணுக்கம் ஒரு நாட்டின் செல்வ வளத்துக்கு உழவும், தொழிலும் சிறந்த வருவாய்கள்.",False
997,இவற்றின் அமைப்புக்கு அரசும் மக்களும் முதல்வராவர்.,False
998,"இதனைத் திருவள்ளுவர், வினைவலியும் தன்வலியும் மாற்றான் வலியும் துணைவலியும் தூக்கிச் செயல் என்று கூறுகிறார்.",False
999,வினை என்பது தொழில்.,False
1000,கண்டு தெளிந்த பின் தொழிலின் கருத்தூன்றித் திண்மையோடு நிற்க வேண்டும்.,False
1001,"அதன் பெருக்கம் கண்டு மலைப்பதும், சுருக்கம் கண்டு சோர்வதும் இன்றி விடாது தொடர்ந்து செல்வதுதான் வெற்றி.",False
1002,"இதுபற்றியே, ஒல்வது அறிவது அறிந்துஅதன் கண்தங்கிச் செல்வார்க்குச் செல்லாதது இல் என்று திருவள்ளுவர் கூறுகிறார்.",False
1003,"இங்ஙனம் மேற்கொண்டே தொழில் நன்கு நடைபெற்றுப் பயன் விளைவிக்குமிடத்து, உதவி நாடி வருபவர் உண்டு.",False
1004,ஒருவர்க் கொருவர் உதவி வாழ்வதுதான் வாழ்வு.,False
1005,உதவி செய்பவர் தமது அளவறிந்து அதற்கு ஒத்த நிலையில் பிறர்க்குப் பொருளை ஈதல் வேண்டும்.,False
1006,அதுதான் பொருள் வலி குறையாமல் நின்று நிலவுதற்கு உரிய வழியாகும்.,False
1007,"இதனை எண்ணியே, ஆற்றின் அளவறிந்து ஈக அதுபொருள் போற்றி வழங்கும் நெறி என்று கூறுகிறார்.",False
1008,நேற்றுவரையிற் பெருஞ்செல்வராய்க் காட்சி அளித்தவர் இன்று வறியராய்த் துன்புறுதற்கு இதுவே காரணம்.,False
1009,"இதற்காகத்தான், அளவறிந்து வாழாதான் வாழ்க்கை உளபோல இல்லாகித் தோன்றாக் கெடும் என்று திருக்குறள் அறிவிக்கிறது.",False
1010,இப்பொருளுக்கு வருவாய் தொழில் அத்தொழில் காலத்தைச் சார்ந்தது.,False
1011,காலமோ எப்போதும் மாறிக் கொண்டே இருப்பது.,False
1012,தனக்குரிய காலம் வரும்போது தான் தொழிலும் வளம் பெறும்.,False
1013,அதனால்தான் சில காலத்தில் நடக்கும் தொழில் வேறு காலங்களில் நடப்பதில்லை.,False
1014,விதைக்கும் தொழில் அறுவடைக் காலத்தில் நடவாது.,False
1015,மழைக் காலத்தில் நடப்பது வேனிற்காலத்தில் பயன்படாது.,False
1016,"காலம் அறிந்து செய்யும் தொழில்தான், இடையறாமல் பொருளைத் தந்துகொண்டிருக்கும்.",False
1017,"அதுபற்றித்தான், பருவத்தோடு ஒட்ட ஒழுகல் திருவினைத் தீராமை ஆர்க்கும் கயிறு. என்கிறது வள்ளுவம்.",False
1018,அதனை விளக்கவே திருவினைத் தீராமை ஆர்க்கும் கயிறு என்று கூறுகிறார்.,False
1019,எதனையும் காலமறிந்து செய்யும் அறிஞர் ஒவ்வாக் காலத்தில் ஒன்றும் இல்லாதவர்போல ஒடுங்கியிருப்பர்.,False
1020,"காலம் வந்தவுடன், அவர் செயல்படுவது தெரியாது.",False
1021,பொருளைக் குவிப்பது தெரியாது.,False
1022,காலம் கழிவதற்குள் மேற்கொண்ட வேலையை முடித்து வெற்றி யோடு விளங்குவார்கள்.,False
1023,அரிசியும் பருப்பும் உண்டானால் அடை மழையிலும் மணம் நடத்தலாம் என்பது பழமொழி.,False
1024,அதாவது ஆட்படையும் ஆற்றலும் இருந்தால் காலம் பார்க்க வேண்டியதில்லை என்று சிலர் கூறுவர்.,False
1025,அவர்களுக்குக் காலத்தின் சிறப்புத் தெரியாது என்று சொல்லுகிறார் திருவள்ளுவர்.,False
1026,கூகைகள் கூட்டமாய் வாழ்பவை இரவில் அவற்றால் ஒன்றும் செய்ய முடியாது.,False
1027,"அதைக் காட்டி, பகல்வெல்லும் கூகையைக் காக்கை இகல்வெல்லும் வேந்தர்க்கு வேண்டும் பொழுது என்று கூறுகிறார்.",False
1028,"பெரும்படை உடையராயினும், காக்கைக்குப் பகற்காலம் வேண்டும் என்று இதனால் விளக்குகின்றார்.",False
1029,"ஆனால், காலம் பொருந்தாமை கண்டு ஒடுங்கியிருக்கும் போது மனதைச் செம்மையாக வைத்துக் கொள்ள வேண்டும்.",False
1030,அவ்வாறின்றி ஒடுங்கியிருக்கும் போது மனநிலையைக் கலக்கக் கூடிய எண்ணங்கள் எழுந்து பெருகிப் பெருங்கலக்கத்தை உண்டு பண்ணும்.,False
1031,மேற்கொண்ட தொழில் சுருங்கி வலியிழந்து போன தாகவும் பொய் நினைவுகள் தோன்றி அலைக்கும்.,False
1032,"அதுபற்றியே திருவள்ளுவர், காலம் கருதி யிருப்பர் கலங்காது ஞாலம் கருது பவர் என்று கூறுகிறார்.",False
1033,"ஞாலம் கருதுவதாவது, உலகில் உழைப்பால் உயர்ந்து நிலைத்த புகழ் நிறுவுவது.",False
1034,"தொழில் செய்வதற்கு இதுகாறும் சொல்லிய வலியும், காலமும் அறிந்தால் மாத்திரம் போதாது.",False
1035,அதனை நடத்துவதற்கு ஏற்ற இடம் அறிய வேண்டும்.,False
1036,எத்தகைய தொழிலுக்கும் இடம்தான் ஆதாரம்.,False
1037,"திருவள்ளுவரும் தொழிலுக்கு வேண்டிய வலியும், காலமும் தெளிந்துகொண்டாலும், இடங் கண்ட பின்பே தொடங்க வேண்டும் என்று அறிவுறுத்துகிறார்.",False
1038,தொடங்கற்க எவ்வினையும் எள்ளற்க முற்றும் இடம்கண்ட பின்னல் லது என்று கூறுகிறார்.,False
1039,அது நோக்கியே முற்றும் இடம் கண்ட பின்னலல்லது எவ்வினையும் தொடங்கற்க என்று சொல்லுகிறார்.,False
1040,அந்நிலையில் அவனுக்கு அஞ்சாமை என்ற ஒன்று தான் பெருந்துணை.,False
1041,"அதனால், அஞ்சாமை யல்லால் துணைவேண்டா எஞ்சாமை எண்ணி இடத்தால் செயின் என்று கூறுகிறார்.",False
1042,அவ் விடத்தின் அருமைப்பாடு பெரும் படையுடையனானாலும் பகை மன்னனது ஊக்கத்தை அழித்துவிடும்.,False
1043,"இதனை, சிறுபடையான் செல்லிடம் சேரின் உறுபடையான் ஊக்கம் அழிந்து விடும் என்று அறிவுறுத்துகிறார்.",False
1044,கால்ஆழ் களரில் நரிபடும் கண்ணஞ்சா வேலாள் முகத்த களிறு என்பது திருக்குறள்.,False
1045,பகை மன்னன் வலிய அரண்களும் பிற சிறப்பும் இல்லாதவனாயினும் அவனது நாட்டுட் புகுந்து போர் தொடுப்பது கூடாது.,False
1046,"அதனை வற்புறுத்தவே, சிறைநலனும் சீரும் இலர்எனினும் மாந்தர் உறைநிலத்தோடு ஒட்டல் அரிது என்று திருவள்ளுவர் உரைக்கின்றார்.",False
1047,அதுவே நீர் நிலையை விட்டு நிலத்தின் மேல் வந்து விடுமாயின் சிறு விலங்கும் அம் முதலையைக் கொன்றுவிடும்.,False
1048,நெடும்புனலுள் வெல்லும் முதலை அடும்புனலின் நீங்கின் அதனைப் பிற என்று கூறுகிறார்.,False
1049,தலைமைச் சிறப்பு நாடாளும் அரசு பல்வேறு துறைகளை உடையது.,False
1050,அவை எல்லாவற்றையும் வேந்தன் ஒருவனே பார்ப்பது என்றால் முடியாது.,False
1051,ஆதலால் ஒவ்வொரு துறைக்கும் தக்க தலைவரைத் தேர்ந்து நிறுத்துவது முறை.,False
1052,அத்தலைவர்களைத் தேர்ந்தெடுப்பது ஓர் அரிய செயலாகும்.,False
1053,"அவன் பிறந்த குடிக்கு ஏற்ப, குற்றமில்லாமல், பழிப்புக்கு அஞ்சி நாணும் தன்மையடையவனாக இருக்க வேண்டும்.",False
1054,"அதனை, குடிப்பிறந்து குற்றத்தின் நீங்கி வடுப்பரியும் நாணுடையான் கட்டே தெளிவு என்கிறார் திருவள்ளுவர்.",False
1055,"பழிப்புண்டாகுமானால் அது புண் வடுப்போல எப்போதும் மாறாதாகையால், வடு என்று கூறுகிறார்.",False
1056,அரியகற்று ஆசற்றார் கண்ணும் தெரியுங்கால் இன்மை அரிதே வெளிறு என்கிறது திருக்குறள்.,False
1057,அறியாமை இங்கே வெளிறு என்று குறிக்கப்படுகிறது.,False
1058,தலைமைக்குரிய அறிவுத் தகுதியில்லையாயினும் ஒருவனு டைய உறவினரும் சுற்றத்தாரும் உயர்நிலையில் அரசுக்கு வேண்டியவர் களாயிருப்பர்.,False
1059,அந்தத் தொடர்பு பற்றி ஒருவனுக்குத் தலைமைப் பதவி அளிக்கப்படுவதுண்டு.,False
1060,காதன்மை கந்தா அறிவறியார்த் தேறுதல் பேதைமை எல்லாம் தரும் என்று கூறுகிறார்.,False
1061,ஒருவனைத் தலைவனாகத் தேர்ந்து எடுப்பதாயின் அவனுடைய குணங்களையும் குற்றங்களையும் ஆராய்ந்து காணவேண்டும்.,False
1062,குணமே உருவாக அமைந்தவர் ஒருவரும் இல்லை.,False
1063,குற்றமே வடிவாக உள்ளவரும் உலகத்தில் இல்லை.,False
1064,இரண்டும் கலந்தவரே மக்கள்.,False
1065,ஆகையால் குணமும் குற்றமும் நாட வேண்டியது முறை யாகும்.,False
1066,அங்ஙனம் நாடியபோது குணம் மிகுதியாகவும் குற்றம் குறைவாகவும் இருந்தால் அவனைத் தேர்ந்துகொள்ள வேண்டும்.,False
1067,குற்றம் மிகுதியாக உடையவனைத் தள்ள வேண்டும்.,False
1068,"இதனை, குணம் நாடிக் குறற்மும்நாடி அவற்றுள் மிகைநாடி மிக்க கொளல் என்று திருக்குறள் உரைக்கின்றது.",False
1069,இந்த முறையில் தலைவர்களைத் தேர்ந்தெடுப்பதென்றால் மிகவும் கடினமாகவே இருக்கும்.,False
1070,அதுபற்றியே தலைவர்களை ஆராயாமல் ஏற்படுத்தவும் கூடாது என்கிறது திருக்குறள்.,False
1071,இன்ன துறைக்கு இத்தகைய தலைவர் வேண்டும் எனத் தேடுவது அருமை.,False
1072,மக்களில் தலைமைப் பண்புடையவர் பலர் உண்டு.,False
1073,"முதலில் அவர்களைத் தேர்ந்து, அதன்பின் அவர்களுக்குத் தக்க துறை யாது எனத் தேர்ந்து அதற்குத் தலைவராக்க வேண்டும்.",False
1074,தேறற்க யாரையும் தேராது தேர்ந்தபின் தேறுக தேறும் பொருள் என்று திருவள்ளுவர் கூறுகின்றார்.,False
1075,"தேர்ந்தபின் எவ்வாறு தேறுவது எனின், அதற்கு அவர்கள் செய்துள்ள செயல்களே துணை புரியும்.",False
1076,"இதனை, பெருமைக்கும் ஏனைச் சிறுமைக்குத் தத்தம் கருமமே கட்டளைக் கல் என்கிறார்.",False
1077,"மேலே சொல்லிய முறையில் தலைவர்களைத் தேர்ந்து கொள்ளும்போது, ஓர் எச்சரிக்கையையும் திருவள்ளுவர் தருகின் றார்.",False
1078,"நல்லறிவும், நற்செயலும் உடையவர் ஒருவரைக் கண்டதும் தலைமைக்குத் தக்கவர் என்ற எண்ணமுண்டாகும்.",False
1079,அவரது வளர்ந்த சூழ்நிலை யாது?,False
1080,உற்றார் உறவினர் எத்தகையார் என நாடறிய வேண்டும்.,False
1081,"குடிச்சிறப்போ, உறவினர் தொடர்போ ஒன்றும் இல்லாதவரானால், அரசியல் தலைமைப் பதவிகட்குத் தக்கவரல்ல என்று விலக்கச் சொல்லுகிறார்.",False
1082,"ஒரு தொடர்பும் அற்றவர், வாழ்க்கையில் பற்றில்லாதவராவர் மக்களின் நல்வாழ்க்கையை நாடிப் பணிபுரிவது அரசு.",False
1083,கருத்து முரண்படுவதால் அரசியல் தலைமைக்கு ஆகாதவரா கின்றார்.,False
1084,இத்தகைய பற்றில்லாதவர் பழிபாவங்களுக்கு நாணவும் மாட்டார்களாம்.,False
1085,"இதனை, அற்றாரைத் தேறுதல் ஓம்புக மற்றவர் பற்றிலர், நாணார் பழி என்று திருவள்ளுவர் கூறுகின்றார்.",False
1086,"இவ்வகையில் தக்கவரைத் தேறியபின், அவர்களைத் தலைமை நிலையில் வைத்து ஆளும் திறமை ஒரு பெருஞ் செயலாகும்.",False
1087,"எவ்வளவு தெளிவாக ஆராய்ந்து தேர்ந்தெடுத்த போதிலும், பதவி பெற்றதும் மிகப் பலர் முன்னை நிலையிலிருந்து வேறாக மாறிவிடு கின்றார்கள்.",False
1088,"தேர்தல் நிகழும்போது பண்பும், பரிவும் தோன்ற நிற்பவர்கள் பதவியேற்றதும் வேறுபடுவதை உலகியலில் நாளும் காணலாம்.",False
1089,"அது கண்டே, எனைவகையான் தேறியக் கண்ணும் வினைவகையான் வேறாகும் மாந்தர் பலர் என்று கூறுகின்றார்.",False
1090,"அதனால், தேற்றம் அவா இன்மை என்பவைகளை எடுத்து மொழிகின்றார்.",False
1091,"பதவிக்குரிய செயல் புரியும்போது, அவனுடைய மனம் எவ்வாறு இயங்குகிறது என்பதை ஆட்சியாளர் அறிய வேண்டும்.",False
1092,செய்யும் செயலால் விளைவிது நன்மையாக இருக்க வேண்டும் என நினைப்பவனே அவ்வப் பதவிக்கும் தக்கவன்.,False
1093,நன்மையும் தீமையும் நாடி நலம்புரிந்த தன்மையான் ஆளப் படும் என்று கூறுகின்றார் திருவள்ளுவர்.,False
1094,வாரி பெருக்கி வளம்படுத்து உற்றவை ஆராய்வான் செய்க வினை என்று திருக்குறள் கூறுகின்றது.,False
1095,வருவாயைப் பெருக்குவது நாட்டை வளப்படுத்துவதற்கே என்பது அரசியல் செலவைச் சுருக்கி ஊதியத்தைப் பெருக்குவது வாணிகத்தின் குறிக்கோள்.,False
1096,சில வாணிகச் செல்வர் அரசியல் தலைமை ஏற்கும்போது நாடு வளம்படாமல் போவதற்கு இவ்வேறு பாடு அறியாமையே காரணம்.,False
1097,அதனால்தான் வருவாய் மிகுவித்து வளம்படுத்தலையும் அதற்கு நாட்டின் நலங்களை ஆராய்வதையும் இங்கே எடுத்து வற்புறுத்துகிறார்.,False
1098,செல்வத்தாலும் சுற்றம் நிறைந்த சூழ்நிலையாலும் சிறந்துள் ளான் என்பது கொண்டு ஒருவனைத் தலைமை தாங்கிப் பணிபுரியச் செய்வது கூடாது.,False
1099,"வருவாய்க்குரிய வழி முறைகளை அறிந்து, இடைநிற்கும் தடைகளைத் தாங்கி செயற்படும் ஆற்றலுடை யவனே தலைவனாதல் வேண்டும்.",False
1100,அறிந்துஆற்றிச் செய்கிற்பார்க்கு அல்லால் வினைதான் சிறந்தான்என்று ஏவற்பாற் றன்று என்று அறிவிக்கின்றார் திருவள்ளுவர்.,False
1101,"செய்தற்குரிய செயலின் இயல்பையும், அதற்குரிய காலத்தையும், நேர்நின்று செய்பவன் திறமையையும் எண்ணிச் செய்யவேண்டும்.",False
1102,அதற்கு ஏற்ற ஆற்றல் இன்றியமை யாதது.,False
1103,"அதனை விளக்குவதற்காகவே, செய்வானை நாடி வினைநாடிக் காலத்தோடு எய்த உணர்ந்து செயல் என்று திருவள்ளுவர் கூறுகிறார்.",False
1104,"ஏனெனில் பணிபுரிவோர் நேர்மை தவறுவாராயின் நாடு ஊழல்களும், கொடுமைகளும் மலிந்து கெடும்.",False
1105,"இதனை நினைந்தே, நாடோறும் நாடுக மன்னன் வினைசெய்வான் கோடாமை கோடாது உலகு என்று கூறுகிறார்.",False
1106,"நாடோறும் இவ்வாறு மேற்பார்வை செய்வதால் சிலவகைச் செயல்களுக்குத் தலைமை தாங்குவோர் பொருந்தாதொழிவதும், வேறு சிலர் பொருந்துவதும் காணப்படும்.",False
1107,பலருடைய திறமை களும் தெரிந்து கொள்வதற்கு இது பயன்படுகிறது.,False
1108,"இவ்வகையில் செயல் தலைவர்களைத் தேர்ந்தெடுக்கும் போது, செயல் அளவுக்கு ஒவ்வொருவர்க்கும் தன் உரிமை இருக்க வேண்டும்.",False
1109,"இதுபற்றியே, வினைக்குரிமை நாடிய பின்றை, அவனை அதற்குரிய னாகச் செயல் என்கிறார் வள்ளுவர்.",False
1110,அது காணும்போது வேறு வகையாக நினைக்கும் தலைவர்கள் சிலர் உண்டு.,False
1111,அவர்களால் மேற்கொண்ட வேலை இனிது நிறைவுறாது பெருங்கேடுதான் விளையும்.,False
1112,இதையும் திருவள்ளுவர் காண்கின்றார்.,False
1113,வினைக்கண் வினையுடையான் கேண்மைவே றாக நினைப்பானை நீங்கும் திரு என்று வருந்திக் கூறுகின்றார்.,False
1114,"பல்வேறு துறைகளின் தலைவர் வேந்தனைச் சூழ இருப் பினும், தனி நிலையில் அவனுக்கு உறவினரும் அறிவுடைய நண்பரும் உண்டு.",False
1115,"அவர்கள் அவனுடைய உடலோடும், உயிரோடும் அன்பால் பிணிப்பூண்டவர், அதனால் சுற்றம் எனப்படுகின்றார்கள்.",False
1116,"ஒருவனது தனி வாழ்வில், அவனைப் பிறர் வந்து சார்தற்குப் பற்றாக உள்ளவை அவனின் வேறாகவுள்ள செல்வமும் நிலையு மாகும்.",False
1117,அவை அவனிடத்தில் நிலையாக இருப்பதில்லை.,False
1118,"ஆதலால், அவை தொலைந்த வழி நீங்குவோர் சுற்றமாக எண்ணப்படுவ தில்லை.",False
1119,"அதனை வேறுபடுத்திக் காட்டவே, பற்றற்ற கண்ணும் பழமைபா ராட்டுதல் சுற்றத்தார் கண்ணே உள என்று திருவள்ளுவர் கூறுகின்றார்.",False
1120,"நில்லாது நீங்கும் செல்வமும் சிறப்பும் நிலைக்குமாறு அறிவும், செயலும் அவற்றிற்கு உடன் வேண்டிய உதவியும் செய்பவர் சுற்றத்தார்.",False
1121,அவர்களால் ஒருவனுக்கு உண்டாவன ஆக்கமே.,False
1122,"அதனை, விருப்பறாச் சுற்றம் இயையின் அருப்பறா ஆக்கம் பலவும் தரும் என்று கூறுகிறார்.",False
1123,"சுற்றத்தார் விளைவிக்கும் நலங்கள் பலவகையிற் கிளைப்பதால், அவைகளை அருப்பறா ஆக்கம் என்று வள்ளுவர் உரைக்கின்றார்.",False
1124,செல்வம் பெற்றவிடத்து அதனைப் பேணிக் காப்பதற்குப் பிறர் துணை வேண்டும்.,False
1125,"துணையில்லையாயின் செல்வமே, உடையவனைக் கொன்றுவிடும்.",False
1126,துணைவகையில் அன்புடைய சுற்றத்தாரைவிட உலகில் வேறுயாரும் இல்லை.,False
1127,"ஆதலால் அச்சுற்றத் தார் எப்போதும் சூழ இருக்கும் நிலையும், அதற்கு ஏற்ப ஒழுகும் திறமையும் செல்வமுடையவனுக்கு மிகவும் வேண்டப்படுகின்றன.",False
1128,"அதை வற்புறுத்தவே, சுற்றத்தால் சுற்றப் படஒழுகல் செல்வம்தான் பெற்றத்தால் பெற்ற பயன் என்று சொல்கிறார்.",False
1129,"இனி, சுற்றத்தார் தன்னை நிழற்போற் சுற்றிச் சூழ்ந்திருக்கச் செய்வது எப்படி?",False
1130,எனின் அவர்க்கு வேண்டுவன அறிந்து கொடுப்பன ஒன்று சொற்களைப் பேசி மகிழ்விப்பது ஒன்று.,False
1131,"இவைகளை, கொடுத்தலும் இன்சொலும் ஆற்றின் அடுக்கிய சுற்றத்தாற் சுற்றப் படும் என்று கூறுகிறார்.",False
1132,இனிமையான சொல்லைச் சொல்வது போதாது.,False
1133,"வேண்டு வது கொடுத்தால்தான் சுற்றம் துணை செய்யும் என்பது விளங்கவே, கொடுத்தலும், இன்சொல்லும் எடுத்து மொழிகின்றார்.",False
1134,இவ்வாறு சுற்றம் சூழ வாழ்பவர் குறையாத நலம் பல உடையராவர் என்பதை ஒரு எடுத்துக்காட்டால் விளக்குகிறார்.,False
1135,காக்கைகளில் ஒன்று ஏதேனும் இரை கிடைக்குமாயின் தான் தனித்து உண்பதில்லை.,False
1136,"பெருங்கொடையான் பேணான் வெகுளி, அவனின் மருங்குடையார் மாநிலத்து இல் என்று மொழிகின்றார்.",False
1137,மருங்கு என்பது சுற்றம்.,False
1138,இச் சுற்றத்தாரின் உறவினரின் பேறாய் அறிவும் ஆற்றலும் கொண்ட சான்றோர் சுற்றம் மிகவும் சிறந்ததாகும்.,False
1139,அவர்களோடு அளவளாவுவது எப்போதும் வேண்டியதொன்று.,False
1140,அரசன் ஏரி நிறைந்தனைய செல்வனாக இருக்கலாம் அளவளாவுவது அந்த ஏரியின் கரையை வலிமைப்படுத்துவதாகும்.,False
1141,"இதனை, அளவளா வில்லாதான் வாழ்க்கை, குளவளாக் கோடின்றி நீர்நிறைந் தற்று என்று கூறுகிறார்.",False
1142,குளவளா என்பது குளம் அல்லது ஏரி கோடு என்பது கரை.,False
1143,இச்சான்றோர் சுற்றம் ஏனைய உறவினர் போல்வதன்று.,False
1144,"கொடுத்தலும் இன்சொல்லும் மட்டும் இச்சான்றோர் சுற்றத்தை ஈர்க்கவோ, கட்டிப் பிடிக்கவோ போதாது.",False
1145,சுற்றத்தார் என்ற வகையில் பொதுப்படி நோக்காமல் அவரவர் சிறப்பறிந்து அதற் கேற்ப ஒழுகவேண்டும்.,False
1146,சான்றோருள் பலர் அச்சிறப்புக்கென்றே உயிர் வாழ்பவர்.,False
1147,"இதனை, பொதுநோக்கான் வேந்தன், வரிசையா நோக்கின், அதுநோக்கி வாழ்வார் பலர் என்று கூறுகிறார்.",False
1148,பொது நோக்கு ஒழிமதி புலவர்மாட்டே என்று சங்கச் சான்றோரும் கூறுவர்.,False
1149,"மேலும், சுற்றத்தாரைத் தழுவி ஒழுகும்போது சிலர் வேறு பட்டு நீங்கிவிடுவர்.",False
1150,"நீங்கினால் வேந்தனது வன்மையும், செல்வமும் குறைதற்கு வழி உண்டாகும்.",False
1151,அதனால் நீங்கினதற்குக் காரணம் யாது என்று ஆராய்ந்து அறிந்து அதற்கு ஒத்தது செய்து பிரிந்தவரைச் சேர்த்துப் பிணித்துக்கொள்ள வேண்டும்.,False
1152,"பிரிந்தவர் தாமாகவே வந்தாலும், காரணத்தை நன்கறிந்து ஏற்பதுதான் முறை என்பர்.",False
1153,உழைப்பிரிந்து காரணத்தின் வந்தானை வேந்தன் இழைத்திருந்து எண்ணிக் கொளல் என்பர்.,False
1154,"அரசனும் மனிதனாகையால் அவனுக்கும், மறதியும் சோர்வும் ஆகாதவையே.",False
1155,இம்மறதி சோர்வுகளை ஒரு சொல்லில் அடக்கிப் பொச்சாப்பு என்கிறார் திருவள்ளுவர்.,False
1156,அதனால் விளைகிற தீமை அளவிறந்த சினத்தினால் உண்டாவதைவிடப் பெரிது என்று சொல்லுகிறார்.,False
1157,"இறந்த வெகுளியின் தீதே, சிறந்த உவகை மகிழ்ச்சியின் சோர்வு என்பது திருக்குறள்.",False
1158,"இப் பொச்சாப்பு, உள்ளத்தில் நிலவுகிறபோது அறிவு மழுங்கி விடும்.",False
1159,அதனால் வருவதை முன் அறிந்து காக்கும் திறம் இழந்து விடுகிறான்.,False
1160,அதனால் பின்னே துன்பம் வந்து தாக்கும்போது பெரிதும் வருந்துகின்றான்.,False
1161,"இதனை, முன்னுறக் காவாது இழுக்கியான் தன்பிழை பின்ஊறு இரங்கி விடும் என்று கூறுகிறார்.",False
1162,அதனால் பொச்சாப்புடையவன் இவ்வொரு பிறப்போடு நில்லாமல் எழுபிறப் பும் துன்பத்துக்குள்ளாகின்றான் என்று திருவள்ளுவர் வருந்துகிறார்.,False
1163,"ஒருவனுக்கு வறுமை வந்துவிடுமாயின், அது அவனுடைய அறிவையே கெடுத்து விடுகிறது.",False
1164,அது போலப் பொச்சாப்புடை யவர்க்குப் புகழ்பெறும் தன்மை இல்லாதொழியும் என்று கூறுகிறார் வள்ளுவர்.,False
1165,பொச்சாப்பார்க்கு இல்லை புகழ்மை அதுவுலகத் தெப்பால்நூ லோர்க்கும் துணிவு என்று உரைக்கின்றார்.,False
1166,"நினைப்பும், மறதியும், மனத்தில் நிகழ்வதால் அதனைப் பொச்சாவாக் கருவி என்று புகழ்கின்றார்.",False
1167,"மனதில் கருதிய கருத்துக்களை மறவாமல், மறதிக்கும் சோர்வுக்கும் இடம் கொடாமல், நினைத்த வண்ணம் இருக்க வேண்டும்.",False
1168,நினைந்து கொண்டே இருப்பவன் நினைத்ததை நினைத்தபடியே முடிப்பான் பயனும் நினைந்த அளவே எளிதில் வந்து சேரும் என்று கூறுகிறார்.,False
1169,சோர்வில்லாமல் மகிழ்ச்சியோடு இருக்கும்போதே மறதி வந்துவிடுகிறதே என்று விடை வருகிறது.,False
1170,சோர்வு வரும்போது சோர்வினால் அழிந்தவரை நினைக்க வேண்டும்.,False
1171,"அப்படிச் செய்தால் மறதியும் சோர்வுமாகிய பொச்சாப்பு தலை காட்டாது, நீயும் புகழ் பெறுவாய் என்று அறிவுறுத்துகிறார்.",False
1172,"இகழ்ச்சியின் கெட்டாரை உள்ளுக, தாம்தம் மகிழ்ச்சியில் மைந்துறும் போழ்து என்பது அத் திருக்குறள்.",False
1173,நீதிமுறை நாடாளும் வேந்தன் மறதியும் சோர்வுமாகிய பொச்சாப்பு என்னும் குற்றம் கல்லாதவனாயின் அவனது ஆட்சியில் உண்டாகும் நன்மைகள் பல.,False
1174,அவற்றில் நீதிமுறை தலைசிறந்ததாகும்.,False
1175,உலகில் வாழும் உயிர்வகை அனைத்தும் மழையை எதிர்நோக்கும்.,False
1176,ஆனால் மனவுணர்வுடைய மக்களினம் மழைக்குக் காரணம் ஆட்சி புரியும் மன்னனது நீதிமுறை என்று அறிந்து அதையே நோக்கி வாழ்கிறது.,False
1177,இது பற்றியே.,False
1178,"வான்நோக்கி வாழும் உலகெல்லாம் மன்னவன், கோல்நோக்கி வாழும் குடி என்று கூறுகிறார்.",False
1179,மக்களினம் குடும்பம் குடும்பமாக வாழ்வது.,False
1180,"குடும்பம் என்பது கணவன், மனைவி என்ற இருவர் சேர்ந்தது இதைக் குடி என்று கூறுவர்.",False
1181,அதனால் தான் மக்கள் என்று கூறாமல் குடி என்று குறிக்கின்றார்.,False
1182,"குடும்ப வாழ்வுக்கு நீதியும், முறையும், பாதுகாப்பும் இனறியமையாதவை.",False
1183,அதனால் மன்னவன் செய்யும் நீதிமுறையை மக்கள் நோக்குகின்றார்கள்.,False
1184,நீதிமுறை என்பது மன்னவனால் எங்ஙனம் செய்யப்படுகிறது?,False
1185,"மக்களிடம் குணமும், குற்றமும் கலந்திருப்பதால் மன்னவன் நடுவுநிலையுடையவனாக வேண்டும்.",False
1186,"இதை, ஓர்ந்து கண்ணோடாது இறைபுரிந்து யார்மாட்டும் தேர்ந்துசெய் வஃதே முறை என்று திருக்குறள் கூறுகிறது.",False
1187,இதை செங்கோன்மை என்று நூல்கள் குறிக்கும்.,False
1188,இவ்வாறு மன்னவன் மேற்கொள்ளும் இறைமைச் செயல் தான் நாட்டுமக்களின் நல்வாழ்வுக்குச் சிறந்த பாதுகாப்பாகிறது.,False
1189,"இந்த மன்னவனுக்குப் பாதுகாப்பு யாது எனின், மக்களுக்கு நேர்மை கெடாமல் அவன் வழங்கும் நீதியேயாகும்.",False
1190,"ஆதலால்தான், இறைகாக்கும் வையகம் எல்லாம் அவனை முறைகாக்கும் முட்டாச் செயின் என்று திருவள்ளுவர் செப்புகின்றார்.",False
1191,உலக நாடுகள் எல்லாவற்றிற்கும் இது பொதுவுண்மை.,False
1192,ஆதலால் வையகம் எல்லாம் இறை காக்கும் என்று குறிக்கின்றார்.,False
1193,இறைபுரிந்து முறை செய்வதைத்தான் செங்கோல் செலுத்துதல் என்று கூறுவர்.,False
1194,இதனைச் செய்யுங்கால் வேந்தன் குடிகளின் வேறு பட்டவனாய்த் தனிமகனாய் இருத்தல் கூடாது.,False
1195,"அரசு இருப்பதே குடிகளுக்காக ஆதலால், எதனையும் அவன் குடிகளைத் தழுவியே செய்தல் வேண்டும்.",False
1196,அப்போதுதான் குடிகள் அவன்பால் அன்பு கொண்டு அவனைச் சூழ்ந்து நின்று வாழ்வார்கள்.,False
1197,குடிதழீஇக் கோலோச்சும் மாநில மன்னன் அடிதழீஇ நிற்கும் உலகு என்று கூறுகிறார்.,False
1198,மக்களாட்சி மலர்ந்தது.,False
1199,உணவுக்கென நெற்பயிரை வளர்க்கிறோம்.,False
1200,அவர்களுக்குக் கொலைத் தண்டனை அளிப்பது களை எடுப்பது போல்வதாம்.,False
1201,"அதுகுறித்தே, கொலையிற் கொடியாரை வேந்துஒறுத்தல் பைங்கூழ் களைகட் டதனொடு நேர் என்று கூறுகிறார்.",False
1202,சிறை செய்வது ஏனெனின் குற்றவாளிகள் தாம் செய்த குற்றத்தை உணர்ந்து திருந்துவதற்காகும்.,False
1203,அவர் அரசு புரிவா ராயின் கொடுங்கோன்மை தலைவிரித்தாடும்.,False
1204,மக்களாட்சியிலும் நேர்மையறிவில்லாதார் பெரும்பாலராயின் நாடு துன்பத்துக் குள்ளாகும்.,False
1205,கூழும் குடியும் ஒருங்கிழக்கும் கோல்கோடிச் சூழாது செய்யும் அரசு என்று திருவள்ளுவர் கூறுகிறார்.,False
1206,"அதனால்தான், மன்னர்க்கு மன்னுதல் செங்கோன்மை அஃது இன்றேல் மன்னாவாம் மன்னர்க்கு ஒளி என்று கூறுகிறார்.",False
1207,"செங்கோல் செலுத்தும் அரசன், கொடுத்தலும் அருள்புரிவதும், குடிகளைத் தழுவி ஒழுகுவதும் இயல்பாகவுடையவனாவன்.",False
1208,அவன் புகழும் உலகமுழுதும் பரவி ஒளி செய்யும்.,False
1209,அதனால்தான் மன்னர்க்கு மன்னுதல் செங்கோன்மை என்று திருக்குறள் கூறுகிறது.,False
1210,அரசு கொடுமையுடையதாயின் ஏழை எளியவர் தான் துன்பப்படுவார்கள்.,False
1211,செல்வர்கள் தங்கள் செல்வத்தால் தம்மைக் காத்துக் கொள்வார்கள் அல்லவா?,False
1212,அங்ஙனம் இருக்க கொடுங்கோல் வேந்தன் ஆட்சியில் நாட்டவர் அனைவரும் நாடோறும் துன்புற்றுத் தேய்ந்து கெடுவர் என்பது எங்ஙனம்?,False
1213,என்று கேட்கலாம்.,False
1214,எளியவர் துன்பத்திலே ஆழ்ந்து கிடப்பதால் அவர்களுக்கு அரசின் கொடுமை தெரியாது.,False
1215,செல்வர்களுக்குத் துன்பம் மிகுதியாக இருக்கும்.,False
1216,"இரவும் பகலும், அச்சமும் அவலமும் செல்வர்களை அலைத்த வண்ணம் இருக்கும்.",False
1217,"அது பற்றியே, இன்மையின் இன்னாது உடைமை முறைசெய்யா மன்னவன் கோற்கீழ்ப் படின் என்று கூறுகிறார்.",False
1218,"என்று கேட்பதுபோலத் தான் கொடுங்கோலரசும் குடிகளை வேலும், வாளும் கொண்டு அச்சுறுத்திப் பொருள் பறிக்கும்.",False
1219,"இதனை, வேலொடு நின்றான் இடுஎன் றதுபோலும் கோலோடு நின்றான் இரவு என்று திருவள்ளுவர் தெரிவிக்கின்றார்.",False
1220,இத்தகைய அரசில் மக்கள் என்ன வருமா என்ற அச்சத் தாலும் பொறுக்கமாட்டாத துன்பத்தாலும் கண்ணீர் சொறிந்த வண்ணம் இருப்பர்.,False
1221,ஏழை அழுத கண்ணீர் சும்மா விடுமா?,False
1222,கொடுங்கோல் அரசின் வாழ்வும் கொடுமை செய்பவர் செல்வமும் நெடுநாள் இருக்காது என்று ஆறுதல் கூறுகிறார் திருவள்ளுவர்.,False
1223,அல்லற்பட்டு ஆற்றாது அழுதகண் ணீரன்றே செல்வத்தைத் தேய்க்கும் படை என்பது அவரது அருளுரை.,False
1224,செங்கோல் வேந்தன் நாட்டிலும் மக்களுக்கு முறை செய்யும் போது குற்றத்துக்குத் தண்டனை உண்டல்லவா?,False
1225,தண்டனை என்றால் அச்சந்தானே என்று கேட்கலாம்.,False
1226,அதனால் குற்றம் செய்பவன் தன் குற்றத்தை உணர்ந்து தண்டனையை அச்சமின்றி ஏற்றுக் கொள்ளுகிறான்.,False
1227,"இதனை விளக்குதற்கே, தக்காங்கு நாடித் தலைச்செல்லா வண்ணத்தால் ஒத்தாங்கு ஒறுப்பது வேந்து என்று கூறுகிறார்.",False
1228,"தண்டனை அளிக்கும்போது அச்சுறுத்துவது போலக் காட்டிக் குற்றவாளியின் அறிவு கலங்காதபடி மென்மை குன்றாமல் ஒறுப்பர், நல்லரசர்.",False
1229,அதனால் நாட்டில் நலம் பலவும் பெருகும் என்பர்.,False
1230,"இதனை, கடிதோச்சி மெல்ல எறிக நெடிதாக்கம் நீங்காமை வேண்டு பவர் என்று கூறுகின்றார்.",False
1231,கொடுங்கோல் மன்னனைக் காண்பதே அரிது.,False
1232,"அதனால், வெருவந்த செய்தொழுகும் வெங்கோலன் ஆயின் ஒருவந்தம் ஒல்லைக் கெடும் என்று திருவள்ளுவர் உரைக்கின்றார்.",False
1233,"மேலும், அவனைச் சூழ்ந்து நல்லோர் ஒருவரும் இரார் கல்லாக் கீழ்மக்களே அவனைச் சுற்றியிருப்பர்.",False
1234,அவர்களுக்கு வருவதும் தெரியாது.,False
1235,கேடு வந்தால் காத்துக்கொள்ளவும் தெரியாது.,False
1236,அவன் தன் சுற்றத்துடன் ஒருங்கே அழிவான்.,False
1237,அவ்வுண்மை விளங்கவே வெங்கோலன் ஒருவந்தம் ஒல்லை கெடும் என்று ஓதுகின்றார்.,False
1238,அத்தகைய வேந்தன் இருப்பது நிலத்துக்கே சுமை என்று நல்லோர் கருதுதலால் அவன் கெட்டழிவதற்கு ஒருவரும் மனம் இரங்கார்.,False
1239,"இரக்கம் மக்களினம் எக்காலத்தும், எவ்விடத்தும் தம்மில் கூடி வாழும் இயல்புடையது.",False
1240,அதற்குக் காரணம் அவர்களை அறியாமலே ஒருவகைத் தொடர்பு அவர்களை ஈர்த்துக் கொண்டிருக்கிறது.,False
1241,"இத் தொடர்பு சில விலங்குகளிடத்தும் பறவைகளிடத்தும் எறும்பு முதலிய சிற்றுயிர்களிடத்தும் உண்டு என்றாலும், மக்களிடத்திற் போல வெளிப்படையாய் விளங்குவதில்லை.",False
1242,"தம்மவரையும் தம்மினும் தாழ்ந்தவரையும் கண்டால் மனம் நெகிழ்ந்து மதிப்பும், பரிவும், இரக்கமுமாக மக்களிடையே வெளிப்படுகிறது.",False
1243,"இக்கண்ணோட்டம் உடையவர்கள், தம்மைச் சேர்ந்தவர் களையோ, நண்பர்களையோ, தம்மினும் தாழ்ந்தவர்களையோ கண்டபோது வேண்டுவதை உதவுவார்கள் சொல்வதை மறுக்க மாட்டார்கள்.",False
1244,இந்தப் பண்புதான் சமுதாய வாழ்வில் ஊடுருவி நிற்கும் உயிர்நாடி.,False
1245,இவ்வுயிர்நாடி இல்லையாயின் சமுதாயம் அதாவது உலகியல் வாழ்வு சீர்குலைந்து போகும்.,False
1246,"இதுபற்றியே திருவள்ளுவர், கண்ணோட்ட மென்னும் கழிபெருங் காரிகை உண்மையான் உண்டிவ் வுலகு.",False
1247,என்று கூறுகிறார்.,False
1248,கண்ணோட்டம் என்னும் இந்த இரக்கப் பண்பு மக்கள் ஒவ்வொருவருக்கும் அழகு தருவது.,False
1249,"உளத்தில் இடம் பெற்றிருக்கும் பரிவும், இரக்கமுமாகிய நற்பண்புகளைத் தட்டி எழுப்பும் கருவி அவரவர் முகத்திலும் உள்ள கண்களாகும்.",False
1250,"கண்களுக்கும், இரக்கப் பண்புக்கும் நெருங்கிய தொடர்புண்டு.",False
1251,"இத்தொடர்பு பாட்டுக்கும், இசைக்கும் உள்ளது போன்றதாகும்.",False
1252,பாட்டோடு தொடர்பு இல்லையானால் பண்ணா கிய இசை பயன்படாது.,False
1253,இசையால் பாட்டுக்குப் பெருமையும் அழகும் உண்டா கின்றன.,False
1254,இழுக்குடைய பாட்டாயினும் நல்ல இசை பொருந்து மானால் அப்பாட்டு எல்லாராலும் போற்றப்படுகிறது.,False
1255,அவ்வாறே கண்ணோட்டம் என்ற பண்பு ஒருவனுடைய கண்ணுக்கு அழகு தருகிறது.,False
1256,"அந்த அழகு அமையவில்லையாயின் கண் காண்கின்ற தனக்கும் காணப்படுகிற மக்களுக்கும் தொடர்பில்லாமல் போவ துடன், மனநோயை விளைவிக்கிறது.",False
1257,"அது கண்டே, கண்ணிற்கு அணிகலம் கண்ணோட்டம் அஃதின்றேல் புண்ணென்று உணரப் படும் என்று கூறுகிறார்.",False
1258,"இத்தகைய கண்ணோட்டம் இல்லாதவர் உலகில் இருக்கத் தானே செய்கிறார்கள், அவர்களும் சமுதாயத்தில் மக்களாக உலவுகின்றார்களல்லவா?",False
1259,என்கிற கேள்வி எழுகிறது.,False
1260,உலகில் கிளை விட்டுத் தழைத்த மரங்கள் இருக்கின்றன.,False
1261,அவைகளில் கணு என்ற கண்கள் உள்ளன.,False
1262,அக்கண் பார்ப்பதும் கண்ணோட்டம் செய்வதும் இல்லை.,False
1263,அக்கண்களுக்கும் கண்ணோட்டமில்லாத மக்கள் கண் களுக்கும் வேறுபாடு ஒன்றுமில்லை.,False
1264,"ஆகவே, மண்ணிடை நிற்கும் மரமும், அதன்மேல் கண்ணோட்டமில்லாமல் இயங்கும் மக்களும் ஒன்றே என்று விளக்குகின்றார்.",False
1265,"மண்ணோடு இயைந்த மரத்தனையர், கண்ணோடு இயைந்துகண் ணோடா தவர் என்கிறார் திருவள்ளுவர்.",False
1266,"அன்றியும், மரத்தின் கண்ணுக்குப் பார்வையில்லை மக்கள் கண்ணுக்குப் பார்வையுண்டு.",False
1267,பார்வையில்லாதவர் குருடராவர் கண் பார்க்கும் என்றால் காணப்பட்ட உயிர்களின் மேல் கண்ணோட்டம் உண்டாகாமல் போகாது.,False
1268,"ஆதலால், கண்ணோட்ட மில்லாதவரைக் கண்ணிருந்தும் பார்வை இல்லாத குருடர் என்றே கூற வேண்டும்.",False
1269,"அதனை, கண்ணோட்டம் இல்லவர் கண்ணிலர் கண்ணுடையார் கண்ணோட்டம் இன்மையும் இல் என்று கூறுகிறார்.",False
1270,"பரிவும், இரக்கமும் வாயளவில் இருப்பது போதாது.",False
1271,இதனைத் திருவள்ளுவர் எண்ணாமல் இல்லை.,False
1272,கண்ணோட்டம் என்பது கண்ணை மூடிக்கொண்டு செய்வ தில்லை.,False
1273,கண்ணால் பார்த்துச் செய்வது.,False
1274,கண்ணோட்டத்தைச் செய்யும்போது அந்த அளவைப் பார்க்காமல் செய்யமாட்டார்.,False
1275,"இரக்கத்தையும், பரிவையும் தட்டி எழுப்புகிற கண், அவருடைய தகுதியின் அளவையும் காட்டும்.",False
1276,அதைக் காட்டாத கண்பயன்படாது அளவை அறியாமல் செய்வது கண்ணோட்டமுமாகாது.,False
1277,"அதுபற்றியே, உளபோல் முகத்துஎவன் செய்யும், அளவினால் கண்ணோட்டம் இல்லாத கண்? என்று கூறுகிறார்.",False
1278,கண்ணோட்டம் செய்பவர் தமது பொருள் பெருக்கும் ஆற்றல் முதலியவற்றின் அளவறிந்து செய்யவேண்டும்.,False
1279,"அளவறி யாமல் செய்யும் கண்ணோட்டம் கழிகண்ணோட்டம் என்றும், அது குற்றம் என்றும் சான்றோர் கூறுவர்.",False
1280,"இக் கழிகண்ணோட்டம், அறம் தெரி திகிரிக்கு வழியடையாகும் தீது என்று சங்கச் சான்றோரும் கூறுகின்றார்கள்.",False
1281,அதுபற்றியே அளவினால் கண்ணோட்டமில்லாத கண் பயனில்லை என்று கூறுகிறார்.,False
1282,"கண்ணோட்டம் செய்யப்படுபவர், அதாவது இரங்கத் தக்கவர், உதவி பெறத் தக்கவர் என்று பார்த்தால் மட்டும் போதுமா?",False
1283,என்று ஒரு கேள்வி எழுகிறது.,False
1284,இதற்கும் திருவள்ளுவர் விடை கூறுகிறார்.,False
1285,வையத்தார் உள்ளுவ வெல்லாம் உள்ளுபவர் அல்லவா?,False
1286,"கண்ணோட்டம் உடைய அரசரும் செல்வரும், தாம் காட்டும் பரிவாலும், இரக்கத்தாலும் தமது வேலையோ, தொழிலோ கெடாமல் பார்க்க வேண்டும்.",False
1287,"வேலையை ஒழுங்காகச் செய்யாதவர், வேலைக்கு இடையூறும் கேடும் செய்பவராவர்.",False
1288,அவர்பால் கண்ணோடுவது குற்றம்.,False
1289,அது பற்றியே முறை செய்து நீதி வழங்கு கிறவர் கண்ணோடுதல் கூடாது.,False
1290,ஓர்ந்துகண் ணேடா திறைபுரிந்து யார்மாட்டும் தேர்ந்துசெய் வஃதே முறை என்று திருவள்ளுவர் கூறியுள்ளார்.,False
1291,வேலையை ஒழுங்காகச் செய்யாமலும் தவறாகச் செய்தும் குற்றம் புரிபவர்களை ஒறுப்பது செய்தக்க செய்யும் செயல் முறையாகும்.,False
1292,ஆயினும் குற்றத்தின் இயல்புக்கு ஏற்பத் தண்டனை யும் குறைந்த அளவும் மிகுந்த அளவுமாக இருக்கும்.,False
1293,"மேலும், பரிவும், இரக்கமும் கொண்டு கண்ணோடுவது வேலை செய்வோர் வேலையை ஒழுங்காகச் செய்வதற்கே ஆகும்.",False
1294,"சுருங்கச் சொன்னால், கண்ணோட்டம் உடையவர்க்குத் தான் வேலை தந்து பொருள் பெருக்கி வாழ்வை வளம்படுத்தும் வல்லமையும், உரிமையும் உண்டு.",False
1295,"இது கண்டே, கருமம் சிதையாமல் கண்ணோட வல்லோர்க்கு உரிமை யுடைத்துஇவ் வுலகு என்று திருவள்ளுவர் கூறுகின்றார்.",False
1296,கண்ணோட்டம்தான் நாகரிகம் என்று சங்ககால மக்கள் கருதினர்.,False
1297,"அன்பும், பரிவும், இரக்கமும் கொண்டு ஒழுகுபவரையே நாகரிகர் என்றனர்.",False
1298,"இரக்கமற்ற தன்மையும், விலையுயர்ந்த உடை யுடுப்பதும், இவை போன்ற பிறவும் நாகரிகம் என்று இந்நாளில் கருதப்படுகிறது.",False
1299,"நாகரிகம் அரக்கப் பண்புக்கு வழி செய்வதால், இதனை விரும்பத்தக்க நாகரிகமாக எண்ணுதற்கில்லை.",False
1300,"இரக்கமும், பரிவும் உடைய பண்பாடுதான் விரும்பத்தக்கது யாவர்க்கும் வேண்டப்படுவது திருவள்ளுவர் கூறுவது போல நயத்தக்க நாகரிகமாகும்.",False
1301,இந்த நாகரிகப் பண்பாட்டுக்குத் திருவள்ளுவர் எல்லையொன்றையும் கூறுகிறார்.,False
1302,"தமக்கு வேண்டியவர் ஒருவர், கண் முன்னே நஞ்சு கலந்து கொடுத்தாலும் மறுக்காமல் உண்பது நயத்தக்க நாகரிகமாம்.",False
1303,"அதனை, பெயக்கண்டும் நஞ்சுண் டமைவர் நயத்தக்க நாகரிகம் வேண்டு பவர் என்று உரைக்கின்றார்.",False
1304,வேண்டியவர் ஒருகாலும் நஞ்சுதரமாட்டார்.,False
1305,கண் முன்னே கலக்கவும் மாட்டார்.,False
1306,"அக்கருத்து விளங்கவே, நஞ்சு பெயக்கண்டும் உண்டு அமைவர் என்று கூறுகிறார்.",False
1307,பிறர் மனம் அறிதல் நமது வாழ்வில் நாம் பலரோடு கூடிப் பேசிச் செய்வதைச் செய்கிறோம்.,False
1308,"அப்பலருள் நம்மில் உயர்ந்த வரும், ஒத்தவரும், தாழ்ந்தவரும், வேண்டியவரும், வேண்டாதவரும் எனப் பல வேறு வகையினர் உண்டு.",False
1309,"நம்மிடையே அரசியல் தலைவர்களும், செல்வர் களும் உள்ளனர்.",False
1310,அவர்களை நாடிச் சூழ்ந்திருப்பவரும் பலர்.,False
1311,"அவரவர் மனம் அறிந்து நடப்பதில்தான் தலைவர்களின் தலைமை யும், செல்வர்களின் செல்வமும் சிறப்படைகின்றன.",False
1312,எனினும் சிறப்பாக நாடு காக்கும் வேந்தர்க்கு மிகவும் இன்றியமையாதது.,False
1313,மற்றவர்களின் நினைவு செயல்களைப் பிறர் வாயிலாக அறிந்துகொள்வது ஒற்றாடல் என்று நூல்கள் கூறுகின்றன.,False
1314,"நாட்டில் வாழும் மக்களில் நல்லவரும், தீயவரும், பகைவரும் எனப் பல திறத்தினர் உள்ளனர்.",False
1315,நாட்டின் இயல்பு கூறவந்த திருவள்ளுவர் பல் குழுவும் பாழ் செய்யும் உட்பகையும் வேந்து அலைக்கும் கொல் குறும்பும் உண்டு.,False
1316,ஆனால் அவர்கள் இல்லாமல் இருப்பது நாட்டுக்கு நலம் என்று கூறுகிறார்.,False
1317,அவர்கள் தங்களுடைய தீச் செயல்களை மிகவும் மறைவாகவே செய்வர்.,False
1318,பொதுமக்களுக்கு அவர்கள் இருப்பது ஓரளவு தெரிந்தாலும் அவர்களுடைய தீமைக்கு அஞ்சி வெளிப்படுத்தமாட்டார்கள்.,False
1319,"தெரிந்து கொள்பவர் ஏழை எளியவராய் இருந்தால், அவர்களுக்கு வேண்டிய பொருள்களைக் கொடுத்து வாயை அடக்கி விடுவர்.",False
1320,"ஓரளவு செல்வமும், சிறப்பும் உடையவராயின், இரக்கமின்றி அவர்ளைக் கொன்று விடுவர்.",False
1321,"இதுபற்றியே, எல்லார்க்கும் எல்லாம் நிகழ்பவை, எஞ்ஞான்றும் வல்லறிதல் வேந்தன் தொழில் என்று திருவள்ளுவர் கூறுகிறார்.",False
1322,அவர்கள் செய்கை களையும் அரசனுக்கு வேண்டாதார் செயல் வகைகளையும் ஒற்றர்கள் விடாமல் சூழ்ந்து அறிந்து அரசுக்கு அறிவிப்பர்.,False
1323,வினைசெய்வார் தம்சுற்றம் வேண்டாதார் என்றாங்கு அனைவரையும் ஆராய்வது ஒற்று என்று கூறுகிறார்.,False
1324,"இவ்வொற்றர்கள் எத்தகையவர் எனின், அரசனிடத்தில் அசைக்க முடியாத அன்பும், கண்டறிந்ததை எவர்க்கும் உரைக்காத மனவுரமும் படைத்தவர்.",False
1325,எவர்க்கும் எதற்கும் எவ்விடத்தும் அஞ்சாத நெஞ்சினர்.,False
1326,அவர்களைக் காண்பவர் எவராலும் இவர் ஒற்றர் என்று அறிய முடியாது.,False
1327,"இவர்களின் இயல்பை, கடா வுருவொடு கண்ணஞ்சாது யாண்டும் உகாமை வல்லதே ஒற்று என்று உரைக்கின்றார்.",False
1328,"அதுபற்றித்தான் இக்குறட்பாவில், யாண்டும் உகாமை வல்லது ஒற்று என்று கூறுகின்றார்.",False
1329,"இடத்துக்கும், காலத்துக்கும் ஏற்ப மாறு வேடம் கொள்வதிலும் வல்லவர் இவ்வொற்றர்கள்.",False
1330,"எவரும் புகமுடியாத இடங்களிலெல்லாம் இவ்வொற்றர்கள் புகுந்து நடப்பவை, பேசு பவை யாவற்றையும் தெரிந்து கொள்வர்.",False
1331,ஒற்றறியும்போது அகப்பட்டுக் கொண்டாலும் பற்றினவர் என்ன தீங்குகளை எப்படிச் செய்தாலும் மறந்தும் வாய்தவறியும் தாங்கள் அறிந்ததை வெளியிட மாட்டார்கள்.,False
1332,"இவர்களை நன்கு அறிந்தவரானதால் திருவள்ளுவர், துறந்தார் படிவத்தார் ஆகி இறந்தாராய்ந்து என்செயினும் சோர்வுஇலது ஒற்று என்று வடித்துரைக்கின்றார்.",False
1333,இவ்வொற்றர்களை அறியாமல் சில இடங்களில் சில செயல் கள் நிகழும்.,False
1334,"என்றாலும், எவ்வகையிலேனும் அச்செயல்களை அறிந்த மக்களையோ, அவர்களைச் சார்ந்தவர்களையோ அறிந்து கேட்டுத் தெரிந்துகொள்வர்.",False
1335,கேட்கின்றபோதும் அதில் தொடர்பு இல்லாதவர் போல நடிப்பர்.,False
1336,கேட்டவைகளையும் மறுபடியும் ஆராய்வதற்கு இடமில்லாதபடி ஐயமறத் தெளிந்து கொள்வர்.,False
1337,"இதை, மறைந்தவை கேட்கவற் றாகி அறிந்தவை ஐயப்பாடு இல்லதே ஒற்று என்று கூறுகிறார்.",False
1338,இவர்களில் ஒருவர் கூறுவதை மாத்திரம் ஏற்றல் கூடாது.,False
1339,வேறு ஒற்றர்களை விடுத்து இருதிறத்தார் கூறுவனவற்றையும் ஒப்பநோக்கித் தெளிய வேண்டும்.,False
1340,இதுதான் ஒற்றரை ஆளும் முறை.,False
1341,"இதனை, ஒற்றுஒற்றித் தந்த பொருளையும் மற்றும்ஓர் ஒற்றினால் ஒற்றிக் கொளல் என்று உரைப்பர்.",False
1342,"எனின் ஒற்றரை ஆள்பவர், எப்பொழுதும் ஒருவருக்கொருவர் அறியாமலே விருப்பர்.",False
1343,உண்மை தெளிவதற்காக எத்தனை ஒற்றர்களை விடுக்கலாம் என்றால் சில சமயங்களில் ஒருவர் இருவரை விடுவது போதாது.,False
1344,இருவர் இடைப்பட்ட மறைபொருள் பிறர் அறியாதபடி புதைந்துவிடும்.,False
1345,"இருவர்க்கு மேற்படின், எந்த மறுபொருளும் எப்படியும் வெளிப் பட்டுவிடும்.",False
1346,"அதை எண்ணியே ஒரு பொருள் பற்றி ஒற்றறிய விரும்புகிற அரசர், மூன்று பேரை ஒருவரை ஒருவர் அறியாமல் விடுவர்.",False
1347,மூவரும் ஒருமுகமாக உரைப்பாராயின் அதனையே உண்மையென்று தெளிய வேண்டும்.,False
1348,ஒற்றுஒற்று உணராமை ஆள்க உடன்மூவர் சொல்தொக்க தேறப் படும் என்று திருவள்ளுவர் தெரிவிக்கின்றார்.,False
1349,ஆதலால் அவற்றையும் கண்ணென்பர்.,False
1350,ஒற்றும் உரைசான்ற நூலும் இவையிரண்டும் தெற்றென்க மன்னவன் கண் என்பது திருக்குறள்.,False
1351,இனிக் காலந்தோறும் மக்களுடைய எண்ணமும் செய்கையும் மாறுபடும்.,False
1352,இவ்வாறு மாறுவது உலக வாழ்வின் இயல்பு.,False
1353,"அதை ஒருவரும் தடுக்கவோ, ஒடுக்கவோ முடியாது.",False
1354,"மாறும் இயல்பினால் எண்ணங்கள் விரியும் அவற்றிற்கு ஏற்ப மக்களின் செயல்களும், செய்முறைகளும் மாற்றமடையும்.",False
1355,"இவற்றிற்கென அவ்வப்போது நூல்களை எழுதுவது எனின், அது எல்லையின்றிப் பெருகும்.",False
1356,"இதனை உட்கொண்டே, நூல் வகுக்கும் சான்றோர் விதிமுறைகள் காலத்துக்கும், நடைமுறைக்கும் ஏற்ப விரிந்து கொடுக்குமாறு சொற்களை அமைத்து எழுதுவர்.",False
1357,அது பற்றியே அரசர்க்குக் கண்போல் அறிவு விளக்கும் நூல்களை உரைசான்ற நூல் என்று திருவள்ளுவர் உரைக்கின்றார்.,False
1358,ஆயினும் இச் சிறப்புக் களைச் செய்வதில் வேறுபாடு உண்டு.,False
1359,அரசறிய நலம் புரியும் நன்மக்களுக்கு வேந்தர் நாடறியச் சிறப்புச் செய்யவேண்டும்.,False
1360,"அது நாட்டில் வாழும் பிறரையும் நல்லது செய்தற்கு எழுச்சியும், ஊக்கமும் அளிக்கும்.",False
1361,ஆனால் ஒற்றர் களுக்குச் செய்யும் சிறப்பு மிகவும் மறைவாக நடத்தல் வேண்டும்.,False
1362,"வெளிப்படையாக நிகழுமாயின், அச்செயல் ஒற்றர்களை வெளிப் படுத்திவிடும்.",False
1363,அதனால் கேடு நினைக்கும் பல் குழுவும் கொல் குறும்பும் தம்மைக் காத்துக்கொள்ளும் தீமைகள் தோன்றுதற்கு இடம் உண்டாகும்.,False
1364,"ஆகையால் நாட்டின் நல்வாழ்வுக்கும், பாதுகாப்புக்கும் ஊறு விளையும்.",False
1365,"இதனைக் கருத்திற் கொண்டே, சிறப்புஅறிய ஒற்றின்கண் செய்யற்க செய்யின் புறப்படுத்தா னாகும் மறை என்று திருவள்ளுவர் அறிவுறுத்துகின்றார்.",False
1366,"ஊக்கம் நாட்டில் வாழ்கின்ற மக்களில் உயர்ந்தவரும், தாழ்ந்தவரும் எங்கும் உள்ளனர்.",False
1367,உயர்ந்தவர் வரலாற்றைக் கேட்டால் அவர்கள் எளியவராய் இருந்து உயர்ந்த கதையையே சொல்கிறார்கள்.,False
1368,"அதைக் கேட்டால் அவர்களுடைய உயர்வுக்கு ஊக்கமும், உழைப்பும் காரண மாவதை அறியலாம்.",False
1369,"ஊக்கம் முந்தியதா, உழைப்பு முந்தியதா என்று நோக்கினால் உழைப்புச் சிலரிடத்திலும், ஏக்கம் சிலரிடத்திலும் முந்தியிருப்பது தெரிகிறது.",False
1370,உழைப்பு என்பது சிறுவரிடத்திலும் பெரியவரிடத்திலும் உண்டு.,False
1371,அவ்வாறு உயர்பவர்களைப் பார்த்து மற்றவரும் மன எழுச்சி கொண்டு உழைத்து உயர்வு பெறுகின்றார்கள்.,False
1372,"இங்ஙனம் உழைக்குமாறு தூண்டும் கிளர்ச்சியும், எழுச்சியும், ஊக்கம் என்ற சொல்லால் குறிக்கப்படுகின்றன.",False
1373,"உழைப்பின் பயனாக வரும் பொருளையும், இன்பங்களையும் அறிவில் கொள்ளாதவர் உழைப்பை புறக்கணிக்கின்றார்கள் அதை விரும்பாமல் கைவிடுகிறார்கள்.",False
1374,இச்செயலை மடிமை அல்லது சோம்பல் என்று பெரியோர் குறிப்பர்.,False
1375,இதனால் ஊக்கத்துக்கு எதிர் மறுமொழி சோம்பல் என்று அறிகின் றோம்.,False
1376,இவ்வாறு பகுத்து அறிவதால் ஓர் உண்மை தெரிகிறது.,False
1377,ஊக்கமுடையவர் பொருள் உடையவராய் உயர்கின்றார்கள்.,False
1378,இல்லாதவர் உள்ள பொருளையும் இழந்து தாழ்ந்து போகின்றார்கள்.,False
1379,"இது கண்டே, உடையர் எனப்படுவது ஊக்கம் அஃதுஇல்லார் உடையது உடையவரோ மற்று? என்று திருவள்ளுவர் கூறுகின்றார்.",False
1380,"இந்த ஊக்கம் இருக்கும் இடம் ஒருவனுடைய உள்ளமாகை யால், ஊக்கத்தை உள்ளம் என்றும் கூறுவர்.",False
1381,"ஊக்கத்தையும், அதனால் வரும் பொருளையும் திருவள்ளுவர் சீர்தூக்கினார்.",False
1382,பொருளோ நிலையில்லாமல் நீங்கிவிடும் இயல்புடையது ஊக்கம் எப்போதும் உள்ளத்தில் இருப்பது.,False
1383,அதனால் பொருளைவிட ஏக்கம் குன்றாமல் இருப்பதுதான் பொருள்உடையவராய் வாழ் வதற்குக் காரணம் என்று காண்கிறார்.,False
1384,"அதனால், உள்ளம் உடைமை உடைமை பொருளுடைமை நில்லாது நீங்கி விடும் என்று கூறுகிறார்.",False
1385,உழைப்புத்தான் பொருளுக்கு வருவாய்.,False
1386,"பள்ளமிருந்தால் நீர்ஓடி நிறைவதுபோல், உழைப்பவரிடம் பொருள் வந்து சேரும்.",False
1387,"அது பற்றியே, ஆக்கம் அதர்வினாய்ச் செல்லும் அசைவிலா ஊக்கம் உடையான் உழை என்று கூறுகின்றார்.",False
1388,"அதை வற்புறுத்தவே, இக்குறட்பாவின், ஊக்கமுடையவனை நாடி ஆக்கம் அதர் அதாவது வழிவினாய்ச் செல்லும் என்று திருவள்ளுவர் உரைக்கின்றார்.",False
1389,ஊக்கம் இத்தகைய சிறப்புடையதானால் இதற்கு ஏதேனும் அளவு உண்டோ?,False
1390,ஆசைக்கும் ஓர் அளவு வேண்டும் என்று சொல்கிறார்கள் அல்லவா?,False
1391,அதுபோல ஊக்கத்துக்கும் ஓர் அளவு இருக்கவேண்டுமே என்றால் உண்டு என்று கூறுகிறது திருக்குறள்.,False
1392,யாவரும் உயர்வையே விரும்புவார்கள்.,False
1393,அவரவர் விரும்பும் உயர்வு எவ்வளவோ அவ்வளவுதான் ஊக்கத்துக்கும் அளவு.,False
1394,ஒரு தாமரைக் குளம் இருக்கிறது.,False
1395,"அக்குளத்தில் தண்ணீர் எத்தனை அடி இருக் கிறதோ, அதற்கேற்பத் தாமரையின் நீளம் இருக்கிறது.",False
1396,பத்தடி நீர் என்றால் கொடியும் பத்தடி நீள்கிறது ஐந்தடி என்றால் கொடியும் ஐந்தடி அளவில் இருக்கிறது.,False
1397,அதுபோல ஊக்கத்தின் அளவே உயர்வாகும் என்று விளக்குகிறார் திருவள்ளுவர்.,False
1398,அதை மனத்திற் கொண்டே உழைக்கின்றான்.,False
1399,ஆனால் அந்த ஊக்கத்தளவு உயர்வு வரவில்லையே என்று கேட்கலாம்.,False
1400,இக் கேள்வியைத் திருவள்ளுவரும் நினைக்கின்றார்.,False
1401,ஊக்கம் மிகுதியாக இருக்கிறது.,False
1402,"உழைப்பிலும் குறைவில்லை எனின், உயர்வு கட்டாயம் வந்தே தீரும்.",False
1403,ஊக்கத்தை விடக்கூடாது.,False
1404,"உழைப் பாகிலும் காலம், இடம், கருவி, உடல்வலி ஆகியவற்றைச் சார்ந்திருக் கிறது.",False
1405,"இச்சார்புகள் தவறுவதற்கு இடமுண்டு அதனால், கருதிய பொருளும், உயர்வும் நினைந்த அளவு வராமல் போகலாம்.",False
1406,அதனை எண்ணி ஊக்கம் குறையக்கூடாது.,False
1407,ஒரு காலத்தில் குறையினும் பிறிதொரு காலத்திலேனும் வந்தே தீரும் என்று சொல்லுகிறார்.,False
1408,ஆனால் ஊக்கம் குறையவில்லை அதை அவர்கள் கைவிடவும் இல்லை...,False
1409,முடிவு என்னாயிற்று?,False
1410,"இன்று நாம் விடுதலை வாழ்வு பெற்று, உலக நாடுகள் நன்கு மதிக்கும் அளவுக்கு உயர்வு பெற்றிருக்கிறோம்.",False
1411,இந்த ஊக்கத்துக்கு இத்தனை ஆற்றல் எப்படி அமைந்தது?,False
1412,இதையும் திருவள்ளுவர் சிந்திக்கிறார்.,False
1413,காடுகளில் புலியும் உண்டு...,False
1414,யானைகளும் உண்டு.,False
1415,பருத்த உடம்பும் கூர்மையான கொம்பும் உடையது யானை.,False
1416,புலிக்கு உடம்பும் சிறியது கொம்பும் கிடையாது.,False
1417,"ஊக்கமும், வலிமையுமே அதனிடம் உள்ளன.",False
1418,ஆனால் புலி தாக்கு மாயின் பெரிய யானையும் எதிர் நிற்கமாட்டாமல் தோற்றுப் போகும்.,False
1419,அதுபோலவே ஊக்கத்துக்கு எதிராக எந்த வகையான தடையும் நிற்கமாட்டாது.,False
1420,"இதனை, பரியது கூர்ங்கோட்டது ஆயினும் யானை வெரூஉம் புலிதாக் குறின் என்று விளக்குகின்றார்.",False
1421,இந்த ஊக்கத்துக்கு மாறான தன்மை மடி அல்லது சோம்பல் என்று முன்னமே கூறினேன்.,False
1422,"மாசு மறுவில்லாத ஆடையில் மாசு படிவதுபோல, ஊக்கம் நிறைந்த உள்ளத்தில் இந்த மடியென்னும் சோம்பல் பையப் படிந்துவிடும்.",False
1423,"இதற்கு இடம் கொடுக்கக் கூடாது, என்பதற்காகவே, ஊக்கத்தை அடுத்து மடியைப் பற்றி திருவள்ளுவர் உரைக்கின்றார்.",False
1424,உழைக்கின்ற மக்களைக் கெடுத்து வறுமைக்கு உள்ளாக்கும் தீய தன்மைகளில் சோம்பல் முதன்மைவாய்ந்தது.,False
1425,"இதற்கு இனமாக மறதி, தூக்கம், எதனையும் காலம் நீட்டித்துச் செய்யும் தன்மைகள் உடன்வந்து சேர்கின்றன.",False
1426,இந்த நான்கு விரும்பத்தக்கவை போலத் தம்மைக் காட்டும்.,False
1427,"மேற்கொண்டவுடன், துன்பத்தில் கொண்டு சேர்க்கும்.",False
1428,குடியென்னும் குன்றா விளக்கம் மடிஎன்னும் மாசூர மாய்ந்து கெடும் என்று திருவள்ளுவர் கூறுகிறார்.,False
1429,"இக்கொடிய சோம்பல் ஒருவனிடம் பொருந்துமாயின், அவனுடைய இயல்பான மானவுணர்ச்சியே கெட்டுப் போகிறது.",False
1430,எவர் இகழ்ந்தாலும் பொறுத்துக் கொள்வான் நெஞ்சு சுடுவது போலும் கடுஞ்சொற்களைப் பேசினாலும் அவன் காதில் ஏறாது.,False
1431,வெறும் புன்சிரிப்பே அவன் பாழ் முகத்தில் காணப்படும்.,False
1432,"அதனால், மாண்புதரும் செயல்கள் எவற்றையும் அவனால் செய்யமுடியாது.",False
1433,"அதுபற்றியே, இடிபுரிந்து எள்ளுஞ்சொல் கேட்பர் மடிபுரிந்து மாண்ட உஞற்றி லவர் என்று கூறுகின்றார்.",False
1434,"இம் மடி என்னும் சோம்பல், காலத்தில் செய்ய வேண்டிய தைச் செய்யாமல் நீடித்து, உறக்கத்தில் வீழ்த்துகிறது.",False
1435,அதனால் தன் குடிக்கு எத்தகைய பாதுகாப்பையும் அவன் செய்துகொள்ள மாட்டான்.,False
1436,பகைவர் எளிதில் அவனைக் கைப்பற்றி அடிமை யாக்கிக் கொள்வர்.,False
1437,"அரசனாயினும் சோம்பலுற்றவன், பின்பு தன்னுரிமை யிழந்து துன்பப்படுவான்.",False
1438,மடிமை குடிமைக்கண் தங்கின்தன் ஒன்னார்க்கு அடிமை புகுத்தி விடும் என்று கூறுகிறார்.,False
1439,குடிமடிந்து குற்றம் பெருகும் மடிமடிந்து மாண்ட உஞற்றி லவர்க்கு என்று உரைக்கின்றார்.,False
1440,மக்களாகப் பிறந்தவர் மாண்புடைய செயல்களையே செய்தல் வேண்டும்.,False
1441,மழுங்குகின்ற விளக்கத்தை தூண்டுவது போலத் தக்கவர் துணையாகி நின்று சோம்பலைப் போக்கி ஊக்கமுறச் செய்யலாம் அல்லவா?,False
1442,"எனின், சோம்பேறிக்கு அவர்கள் துணையிருந்து தூண்டினாலும் பயன்படாது.",False
1443,"இதனை, படியுடையார் பற்றமைந்தக் கண்ணும் மடியுடையார் மாண்பயன் எய்தல் அரிது என்று கூறுகிறார்.",False
1444,இவர்கள் கடைத்தேற வழி இல்லையா?,False
1445,உண்டு அவன் தன்னைப் பற்றியிருக்கும் சோம்பலை மாற்ற வேண்டும்.,False
1446,"மாற்ற, தனக்கும், தன் குடும்பத்துக்கும் வந்த குற்றம் நீங்கி வாழ்வு பெறுவான்.",False
1447,வள்ளுவர் கண்ட இன்பம் இன்பம் என்பது எல்லா வுயிர்களுக்கும் இயல்பிலே ஊறி நிற்கும் விருப்பம் என்பர் தொல்காப்பியர்.,False
1448,எல்லா வுயிர்க்கும் இன்பம் என்பது தான் அமர்ந்து வரூஉம் மேவற்றாகும் என்பது தொல்காப்பியம்.,False
1449,இன்பத்தை விரும்பாத உயிர் எங்கும் கிடையாது இன்பம் நாடுவது உயிர் வாழ்வின் பண்பு.,False
1450,உயிர்கள் நினைப்பதும் செய்வதும்.,False
1451,யாவும் வினை யெனப்படும்.,False
1452,"வினையால் விளைவது பொருள் என்றும், அப் பொருளால் உண்டாகும் பயன் இன்பம் என்றும் யாவரும் அறிவர்.",False
1453,"வினையும் அறமாதலால், அறத்தாற் பொருளாதலால், அறம் பொருள் இரண்டாலும் இன்பம் உண்டாகிறது என்று திருவள்ளுவர் உரைக் கின்றார்.",False
1454,"அறத்தால் வருவதே இன்பம் என்றும், அறன் ஈனும் திறனறிந்து தீதின்றி வந்த பொருள் என்றும் திருவள்ளுவர் கூறுவதனால் அறிகின்றோம்.",False
1455,ஒருவர்க்கு இன்பமாக இருப்பது மற்றொருவருக்குத் துன்பமாகத் தோன்றுவதுண்டு.,False
1456,"அதனால் இன்னது தான் இன்பம், இன்னது துன்பம் என்று வரையறை செய்வது அரிது.",False
1457,இன்பம் என்பது உணர்பவர் உணர்வு வகைக்கு ஏற்ப அமைவது.,False
1458,இதுவே தான் அமர்ந்து வரூஉம் மேவற்று என்ற தொல்காப்பியக் கருத்துக்கும் ஒத்து நிற்கின்றது.,False
1459,"அறத்தால் வருவதே இன்பம் என்ற குறள், இந்த இன்பம் வரும் வழியைக் குறிக்கின்றது.",False
1460,அறம் என்பது செய்கை.,False
1461,"எனவே, ஒருவன் ஒரு செய்கையைச் செய்வதற் குரிய வழிகள் எவையோ அவையே இன்பம் தோன்றுவதற்கு வழியாம்.",False
1462,"உடம்பு, உள்ளம், அறிவு முதலியன செய்கைக்கு இன்றியமையாத வாயில்களாகும்.",False
1463,சிறுமையுள் நீங்கிய இன்சொல் மறுமையும் இம்மையும் இன்பம் தரும் என்பது வாயாற் பேசும் சொல்லும் இன்பத்துக்கு வாயிலாவதைக் காட்டுகிறது.,False
1464,இவ்வாறு பெறப்படும் இன்பத்தில் உயிர்களுக்கு ஈடுபாடு உண்டாவதால் அந்த இன்பத்தைப் பெருக்கிக் கொள்வது உயிர்களின் முயற்சியாக இருக்கிறது.,False
1465,"துன்பம் உறவரினும் துணிவாற்றிச் செய்க, இன்பம் பயக்கும் வினை என்பது இதற்குச் சான்றாகும்.",False
1466,"இன்பம் பயக்கும் வினையை மிகுதியாகச் செய்யின், அதனால் பெறப்படும் இன்பம் பெரியதாகிறது.",False
1467,"சிற்றின்பம் வெஃகித் திறனல்ல செய்யாரே மற்றின்பம் வேண்டுபவர் என்ற குறள், இன்பம் சிறிதும் பெரிதுமாக வகைப்படுவதைக் காட்டுகிறதன்றோ!",False
1468,சிற்றின்பம் என்பது சிறிதுகால மிருந்து மறைந்து போவது நெடிதிருந்து மகிழ்விப்பது இன்பத்துக்குப் பெருமை.,False
1469,துன்பத்துக் குரிய காரணங்களில் இகல் என்பது ஒன்று.,False
1470,"அதாவது, எதற்கும் பிறரோடு மாறுபடுத்தி முரணுவதாகிய செய்கை.",False
1471,இச் செயல் வகைகளில் மிகவும் கடினமான செயலாகத் திருவள்ளுவர் கருதுவது ஒருவரிடம் சென்று இன்றை வேண்டி இரப்பது.,False
1472,ரத்தலின் இன்னாது மன்ற இரவு உள்ள உள்ளம் உருகும் என்ற திருக்குறள்கள் திருவள்ளுவர் உள்ளத்தை நன்கு தெளிவுபடுத்திக் காட்டுகின்றன.,False
1473,"இதனை இன்பம் ஒருவற்கு இரத்தல், இரந்தவை துன்பம் உறாஅ வரின் என்று வள்ளுவர் வடித்துக் கூறுகின்றார்.",False
1474,வாய்க்கும் மனத்துக்கும் இனிமை தரும் பொருள் கிடைப்பின் அதனை உண்பதில் துன்பமுண்டாகியது.,False
1475,ஆயினும் அந்த இன்பத்தைப் பெருகப்பெற வேண்டுமென்று வேட்கை எழுவது இன்பம் நாட்ட முடைய உயிர்க்கு இயல்பு.,False
1476,"வேட்கை வயப்படாமல் கொள்ளும் அய்வறிந்து உண்பதுதான், அதனால் பெறப்படும் இன்பத்தை நுகரும் வழியாம்.",False
1477,இன்ப நுகர்ச்சி பற்றி மேலும் ஒரு கருத்தைத் திருவள்ளுவர் வற்புறுத்துகின்றார்.,False
1478,இவ்வாறு ஒழுகுவதுதான் இன்பத்தை நன்முறையில் பயன்கொண்டு பிறர்க்கும் தனக்கும் பயன்பட வாழும் நன்வாழ்க்கையாகும்.,False
1479,இல்வாழ்க்கை மேற்கொண்ட ஒருவன் ஒருத்தியாகிய இருவர் உள்ளத்திலும் ஒத்த காதலுணர்ச்சி அமைந்தால் அது இன்பத்துக்கு சிறந்த வாயிலாகும்.,False
1480,முயற்சி வினையே ஆடவர்க்கு உயிர் என்பர் சங்கச் சான்றோர்.,False
1481,வினை என்பது உழைப்பு.,False
1482,உழைப்பு என்றால் எடுத்த வேலையைச் சோர்வு படாமல் செய்வது.,False
1483,"வேலையை வினையென்றும், அதனை முடித்தற்காகச் செய்யும் உழைப்பை வினையாளுதல் என்றும் இலக்கியங்கள் கூறுகின்றன.",False
1484,வினையாளுதற்கு வேண்டிய மனவுறுதி யினை முயற்சி என்றும் ஆள்வினையுடைமை என்றும் கூறுவதுண்டு.,False
1485,"அதனால், சோம்பலின்றி ஊக்கத்தோடு செயலாற்றும் உழைப்பாளி யிடத்தில் காணப்படும் முயற்சியை ஆள்வினையுடைமை என்று அழகிய பெயரிட்டுத் திருவள்ளுவர் உரைக்கின்றார்.",False
1486,உண்மையோடு உழைக்கும்போது கருதிய அளவு பயன் கிடைக்காமல் போவதுண்டு.,False
1487,"அதற்குக் காரணம் ஊழ்வினை என்று சொல்லுவரே தவிர உழைப்பாளியை, யாரும் குறை கூறிப் பழிப்ப தில்லை.",False
1488,எடுத்த வேலைக்கு வேண்டிய கூறுகளை நன்கு அறிந்து உண்மையாக முயன்று செய்யாதவனைப் பழிப்பார்கள்.,False
1489,அவன் ஊழ்வினை என்று சொல்வானானால் அதைவிட மானக்கேடு வேறில்லை.,False
1490,"இதனை, பொறியின்மை யார்க்கும் பழியன்று அறிவறிந்து ஆள்வினை இன்மை பழி என்று திருவள்ளுவர் கூறுகிறார்.",False
1491,இக்குறட்பாவின் பொறி என்பது ஊழ்வினை.,False
1492,ஊழ்வினை என்றால் என்னவெனில் நம்மால் முன்பு செய்யப்பட்ட வினையின் பயன்.,False
1493,"அது இன்பவடிவிலோ, துன்ப வடிவிலோ இருக்கும் அது நமக்குத் தெரிவதில்லை யாதலால், அதை நாம் எடுத்துக் கொள்ள முடியாது.",False
1494,வினைப் பயனும் அறிவில்லாதது ஆதலால் அதுவும் தானாக நம்மை வந்து அடைய முடியாது.,False
1495,"தெய்வத்துக்குத் தெரிவதால், வினைப்பயனைத் தெய்வம் நம்மிடம் சேர்த்து நுகரப் பண்ணுகிறது.",False
1496,அதனால் ஊழ்வினையை தெய்வம் என்று கூறுவதுண்டு.,False
1497,"அதுபற்றியே, தெய்வத்தால் ஆகாது எனினும் முயற்சிதன் மெய்வருத்தக் கூலி தரும் என்று கூறுகிறார்.",False
1498,ஊதியம் ஊழ்வினையால் கெட்டாலும் தக்க வகையில் முயற்சி செய்பவர்க்கு முதல் கெடாது என்று உரைக் கின்றார்.,False
1499,இந்த ஊழ்வினையும் நம்மால் செய்யப்பட்ட வினையே முயற்சியும் நாம் செய்யும் வினையே.,False
1500,ஊழ்வினை ஒரு குறிப்பிட்ட காலத்தைச் சார்ந்திருப்பது காலமோ நிலையின்றி ஓடிக்கொண்டே யிருப்பது.,False
1501,"இதுபற்றியே, ஊழையும் உப்பக்கம் காண்பர் உலைவின்றித் தாழாது உஞற்று பவர் என்று அறிவிக்கின்றார்.",False
1502,"முயற்சிக்குச் சிந்தனை ஆற்றலுண்டோ எனின், முயற்சியும் நம்மால் செய்யப்படுவது முன்னை வினையென்ற ஊழும் நம்மால் செய்யப்பட்டது.",False
1503,நம்மால் செய்யப்பட்டதை நம்மால் அழிக்க முடியாதா?,False
1504,"மேலும் ஊழ்வினை செயலின்றிக் கிடப்பது முயற்சி யாகிய செய்வினையோ, தொடர்ந்து செல்லும் வலியுடையது.",False
1505,"ஊழ்வினை இன்ப வடிவாகவும், துன்ப வடிவாகவும் இருக்கும் குறையுடையது முயற்சியோ இன்பமே வடிவாக இருப்பது.",False
1506,"அதுபற்றி, முயற்சி திருவினையாக்கும் முயற்சி யின்மை இன்மை புகுத்தி விடும் என்று கூறுகிறார்.",False
1507,செல்வத்தைத் தந்து இன்பம் பெறுவிக்கும் என்பதைத் திருவினையாக்கும் என்கிறார்.,False
1508,இங்ஙனமாயின் ஒருவன் முயற்சியுடையவனாவதற்கு என்ன செய்யவேண்டும் என்ற கேள்வி எழுகிறது.,False
1509,முதலாவது இன்பம் என்று சொல்லப்படுபவைகளை அவன் விரும்பமாட்டான் மேன் மேலும் வேலை செய்வதையே விரும்புவான்.,False
1510,"இதனை, இன்பம் விழையான் வினைவிழைவான் தன்கேளிர் துன்பம் துடைத்தூன்றும் தூண் என்று கூறுகின்றார்.",False
1511,"இவ்வாறு இன்பத்தை வேண்டாமல், வேலைகளையே விரும்புவது நல்லதுதான்.",False
1512,இங்ஙனம் பிறர்க்கு உதவி வாழ்வதுதான் வேளாண்மை.,False
1513,அதுதான் ஒருவனுக்குப் பெருந்தன்மை.,False
1514,அதனைச் சார்ந்துதான் அவனுக்கு மேம்பாடு உண்டாகிறது.,False
1515,இதற்கெல்லாம் அடிப்படை அவனது முயற்சி.,False
1516,தாளாண்மை என்னுந் தகைமைக்கண் தங்கிற்றே வேளாண்மை என்னுஞ் செருக்கு என்று கூறுகிறார்.,False
1517,"இக்குறளில் முயற்சியைத் தாளாண்மை என்றும், பிறர்க்கு உதவி செய்வதை வேளாண்மை என்றும் குறிக்கின்றார்.",False
1518,இந்நாளில் வேளாண்மை என்பது பயிர்த்தொழிலுக்குப் பெயராய் விட்டது.,False
1519,வேளாளர் என்பது புலால் உண்ணாத ஒரு சாதியைக் குறிப்பதாயிற்று.,False
1520,இது காலத்தால் வந்த கோளாறு.,False
1521,முயற்சியில்லாதவன் வேளாண்மை செய்வானானால் ஒரு சில நாட்களில் உள்ள பொருளை யிழந்து தனக்கே கேடு செய்து கொள்வான்.,False
1522,அவனை அதைச் செய்யச் சொல்வதே குற்றம்.,False
1523,முயற்சியில்லாதவன் பேடி அவனைப் பிறர்க்கு உதவும் வேளாண்மை என்னும் பெருமை வாய்ந்த செயலைச் செய்யவிடுவது.,False
1524,பேடியின் கையில் கூரியவாளைக் கொடுத்துப்போர்க்கு விடுவதுபோல் ஆகும்.,False
1525,"ஆதலால்தான், தாளாண்மை இல்லாதான் வேளாண்மை, பேடிகை வாளாண்மை போலக் கெடும் என்று கூறுகிறார்.",False
1526,முயற்சியை விரும்பாமல் சோம்பியிருக்கும் செல்வர்களும் உலகில் உண்டு.,False
1527,தம்மை அனைவரும் பாராட்டவேண்டியும் போலிப் புகழ் வேண்டியும் வருபவர் அனைவர்க்கும் வேண்டிய உதவியைச் செய்வர்.,False
1528,அது சுரக்காத கிணற்றில் உள்ள தண்ணீரை மேன்மேலும் இறைப்பதுபோலாகும்.,False
1529,நச்சினார்க்கினியர் உரையும் இக்கருத்தை வலியுறுத்துகின்றது.,False
1530,வியாசபாடியமும் தத்துவ வைசாரதியும் அத்த சாலினி பக்.,False
1531,பச்சையப்பர் கல்லூரிப் பேராசிரியரும் மறைமலையாரின் மாணவருமான மணி.,False
1532,திருநாவுக்கரசரின் தம்பி மணி.,False
1533,வேலூர் மகந்தை உயிர்நிலைப்பள்ளித் தலையாசிரியர்.,False
1534,ஆங்கிலத்தில் சிறந்த பேச்சாளர்.,False
1535,"இதிகாசங்கள் என்ற தலைப்பில், இதன் சுருக்கம், திருச்சி அகில இந்திய வானொலி நிலையத்தால் ஒலிபரப்பப்பட்டது.",False
1536,இக் கட்டுரையின் தொடர்ச்சி கிடைக்கவில்லை.,False
1537,பொதுமணித்திரள் கட்டுரைகள் .,False
1538,புரட்சிக் கவிஞன் வாழ்க!,False
1539,சுமார் அறுநூற்றைம்பது ஆண்டுகட்கு முன் நம் தமிழ் நாட்டுத் தில்லை நகரின் கண் ஒரு புரட்சிக்கவி தோன்றினார்.,False
1540,அவருடைய புரட்சியுள்ளம் சைவ சமயத் துறைக்கண் சென்றது.,False
1541,அக்காலத்தே அது வேண்டியிருந்தது போலும்.,False
1542,அவரைக் கொற்ற வன் குடி உமாபதி சிவனார் என்று கூறுவர்.,False
1543,அக் கலக்கத்திலின்றும் மக்களைத் தெளிவுறுத்தற்கு எளிய முறையில் அமைந்த தமிழ் நூல்கள் மிகச் சிலவே இருந்தன.,False
1544,"அவையும் பழமைக்கண் வேட்கையும், புதுமைக்கண் வெறுப்புமுடைய மக்களால் புறக்கணிக்கப்பட்டன.",False
1545,"பலரும், பழமையான நூல்கள் குற்றமில்லாதன புது நூல்கள் பலவும் குற்றமுடையன என்றனர்.",False
1546,"மக்களும் தமக்குப் பகுத்தறிவென்ப தொன்றுண்டென வுணராது, பலர் புகழின் தாமும் புகழ்வதும், இகழ்வாராயின் இகழ்வதும் செய்து திரிந்தனர்.",False
1547,இவருக்குப் பின் பல நூற்றாண்டு கழிந்தும் நம் நாட்டில் தமக்கென ஒன்று இலர் எனப்பட்ட மக்களே நிரம்புவாராயினர்.,False
1548,தமிழ்ச் சான்றோரும் தமக்கென வொன்றிலராய் அவர் வழி யொழுகுவதே நெறியெனக் கொண்டனர்.,False
1549,அந்நெறி அண்மையில் தோன்றிய பாரதியாரையும் விட்டிலதென்பதை ஆரியநாட்டினர் ஆண்மையோடியற்றும் சீரிய முயற்சிகள் சிறந்து மிக்கோங்குக என்று பாடுதலாலும் துணியலாம்.,False
1550,இந்நிலையில் மக்களது நல்லறிவையெழுப்பி அவர்களை ஒடுக்கி நிற்கும் தடைகளையுணருமாறு பண்ணும் ஒருவரைத் தமிழகம் எதிர்பார்ப்பதாயிற்று.,False
1551,இந்நாளில் அவர்கள் மீளத்தலையெடாவாறு பிற மொழியும் பிற தொடர்புகளும் மேம்படலாயின.,False
1552,ஆயினும் மக்கள் தம்மைத் தமிழரென்றும் தமது தொன்மை நலம் இதுவென்றும் மெல்லத் தெரிந்து கொண்டனர்.,False
1553,தமிழ்ப் புலவர்களின் தமிழ்ப் பணியின் தவறு நலங்களைப் பகுத்தறியலானார்கள்.,False
1554,அவர்களிடையே பாரதிதாசனார் போலும் தகவுடைய கவிகள் தோன்றலாயினர்.,False
1555,அவருட் பாரதிதாசனார் தலைமையிடம் பெற்றுத் திகழ்கின்றார்.,False
1556,"அவற்றின் அறிவு, மக்களை ஒருசிறிதும் முன்னேற்ற வில்லை.",False
1557,வையத்து வாழ்வாங்கு வாழ்வதே வாழ்வு எனத் திருவள்ளுவர் முதலிய சான்றோர்கள் அறிவுறுத்திய செய்தி மக்கட்கு நன்கு உணர்த்தப்படவில்லை.,False
1558,இக்குறைபாட்டால் தமிழரினம் தலைமையிழந்து இன்றைய தாழ்நிலை எய்திற்று.,False
1559,இந்நிலை இக்காலப் புலமையுள்ளத்தைப் பணி கொள்வதாயிற்று.,False
1560,ஆகவே இக்கவிகள் பலவும் இம்மை வாழ்வின் செம்மை நிலை குறித்தே அழகிய கருத்துக்களை வழங்குவதற்குரிய கருக்கொள்ளுவ வாயின.,False
1561,"உரிய காலம் நன்கு வாயாதிருந்த காலம், இராமலிங்க அடிகள் காலம்.",False
1562,எனினும் அவருள்ளம் தமிழரினத்தைக் கெடுக்கும் தடைகளையும் தளைகளையும் தகர்த்தெறியப் பெரும்பாடு பட்டுள்ளது.,False
1563,அக் காலைத் தமிழரினத்துப் பிளவுகளையும் பிரிவுகளையும் தமக்குப் பயன்படுத்தி கொண்ட தன்னலக் கூட்டம் பெரும் போர் உடற்றிற்று.,False
1564,பின்னர்த் தோன்றிய பாரதியார் காலத்தில் உரிமைப்போர் நிலவுவதாயிற்று.,False
1565,அக்காலம் ஓரளவு பயன்படுவது கண்ட புலமை யுள்ளம் பாரதியாரைப் பணி கொண்டது.,False
1566,இது புலமை வரலாறு.,False
1567,கவிபாடும் புலமையுள்ளம் இக்கால வெள்ளத்தைக் கண்ட வண்ணம் இருந்தது.,False
1568,மேனாட்டுப் போக்கு வரவும் கலையறிவும் புலமையுள்ளத்துக்குத் துணிவும் ஆக்கமும் பயந்தன.,False
1569,தாழ்ச் சமூக ஊழல்களையும் தடைகளையும் தளைகளையும் தமிழ்க் கவியுள்ளம் நன்கு கண்டு பாட்டுருவில் எடுத்துக் காட்டலுற்றது.,False
1570,இவர் காணும் தமிழரினத்தை ஒரு சிறிது காட்டி என்பணியை நிறைவு செய்வேன்.,False
1571,தமிழ் மகன் ஒவ்வொருவனும் சஞ்சீவி பருவத்தின் சாரலில் தோன்றும் குப்பன் தமிழ்மகள் அவனோடு போந்து அறிவு கொளுத்தும் வஞ்சி.,False
1572,சஞ்சீவி பருவதம் பல மூலிகைகள் கொண்டு நிற்கிறது.,False
1573,ஒரு மூலிகையைத் தின்ற குப்பனும் வஞ்சியும் புதுக் காட்சி பெறுகின்றனர்.,False
1574,வஞ்சிக்கும் குப்பனுக்கும் வையத்து மாந்தர்களின் நெஞ்சம் வசமாக நேரிலவர் பேசுதல் போல் செந்தமிழில் தங்கள் செவியிற் கேட்கப் பெறுகின்றார்கள்.,False
1575,இங்கே இவர்களுண்ணும் மூலிகை கலை யறிவோடு கலந்தூறியெழும் பகுத்தறிவாய் நின்று உண்மை நிலையையுணர்த்துவது காண்மின்!,False
1576,தமிழ் மக்களுள் பெண் மக்கள் தம் தமிழகத்தின் தாழ் நிலையை முன்னுறவுணர்ந்து தெளிந்து செயல் மேற்கொள்கின்றனர்.,False
1577,இதுதானே இந்நாளைய தமிழ் மக்களின் நிலை!,False
1578,உள்ளபகுத் தறிவுக் கொவ்வாத ஏடுகளால் எள்ளை யசைக்க இயலாது மானிடர்கள் ஆக்குவதை யாகா தழிக்குமோ?,False
1579,போக்குவதைத் தேக்குமோ?,False
1580,சித்தம் சலியாத் திறன்வேண்டும்!,False
1581,எக்காரணத்தாலும் இன்மையிலே யுண்மையுண்டோ?,False
1582,இது பாரதிதாசனார் காட்டும் தமிழுலகம் உண்மையும் இதுவே.,False
1583,இவ்வாறு உண்மையை உள்ளவாறு காட்டுவதே புலமையும் கவி வன்மையுமாகும்.,False
1584,இத்தகைய தொண்டால் தமிழரினத்தை மேம்படுவிக்கும் இன்றமிழ்ப் புலவன் பாரதிதாசன் இனிது வாழ்க.,False
1585,நாற்பது ஆண்டுகட்கு முன் நான் கண்ட மணிமொழியார் திரு.,False
1586,காஞ்சி மணிமொழியார்க்கு எழுபது ஆண்டு நிறை வுற்றமை அறிந்ததும் எனக்கு ஒரே வியப்புத் தோன்றியது.,False
1587,"அதனால்தான், இந்த வியப்பு.",False
1588,காஞ்சி கலியாணசுந்தரத்தோடு கலந்து உரையாடும் போதெல்லாம் மணிமொழியாரின் உரைகளும் உண்மையுழைப்பும் ஊக்கமும் எங்கள் பேச்சின் பொருளாகும்.,False
1589,மணிமொழியார் வணிகராகவும் தமிழாசிரியராகவும் கழகத் தொண்டராகவும் அரும்பணி புரிந்தவர்.,False
1590,"கழகத்தின் வளர்ச்சியும் சிறப்பும், சுடச் சுடர்விடும் பொன்போல் இலங்குவன.",False
1591,"அதன் தொடக்கம் கண்டு, வளர்ச்சி எண்ணிப், பயன்தருவது காணும் பேரின்பத்தில், என்னினும் மணிமொழியார் மிக்க வுரிமையுடையவர்.",False
1592,"என் மனம் விரும்பும் மாண்பும், மதிப்பளிக்கும் மேதகவும் உடைய நண்பர் திரு.",False
1593,காஞ்சி மணிமொழியார் பல்லாண்டு வாழ்தல் வேண்டும்.,False
1594,அவரது பழுத்த அறிவும் பண்பின் நீங்காத ஆக்கவுரையும் இப்போதைய தமிழினத்துக்குப் பெறலரும் பேறுகள்.,False
1595,வாழ்க காஞ்சி மணிமொழியார் வளர்க அவரது அரும்பணி.,False
1596,"காஞ்சி மணிமொழியார் வதுஆண்டு பிறந்த நாள் மலர், .",False
1597,அறிஞர் அண்ணாவின் அடிச்சுவடு மாண்புமிகு கல்வி அமைச்சர் திரு.,False
1598,நெடுஞ்செழியனார்க்குப் பொன்விழா என்ற செய்தியை அறிந்ததும் என் முதுமையுள்ளம் பெருவியப்பில் ஆழ்ந்தது.,False
1599,இங்ஙனம் உள்ளத்தில் ஊற்றெழுந்து வரும் நினைவுகள் பல ஒரு சில கூறுவது இக்கட்டுரை.,False
1600,சுப்பிரமணியப் பிள்ளையவர்கள் பணித்தார்கள்.,False
1601,நெடுஞ்செழியனைக் குறிப்பது தொடக்கப் பள்ளிச் சிறுவர் சிறுமி யரிடத்தும் நன்கு தெரிந்திருக்கிறது.,False
1602,அவரவர் நலங்களை அளவளாவி மகிழ்ந்திருக்கையில் எதிரில் இருந்தவர் பேச்சுக் கொடுத்தார்.,False
1603,அவர் வேலூர் மாவட்டக் கூட்டுறவுத் தலைமையலுவலகத்தவர் என்று அறிமுகம் செய்து கொண்டு சமயச் சார்பாகச் சில கருத்துக்களை வினவத்தலைப்பட்டார்.,False
1604,அதனால் அவர் அண்ணாமலைப் பல்கலைக் கழகம் நாத்திகம்தானே வளர்க்கிறது வேறு என்ன செய்கிறது? என வெகுண்டார்.,False
1605,"முடிவில் அவர் நாவலர் சொல்வதை அமைவுறக் கேட்பவராகி, இன்றைய சமயம் மக்களின் அறியாமை மேல் நிற்கிறது.",False
1606,சில ஆண்டுகட்குப்பின் நமது நாவலர் சென்னைச் சட்டமன்றத்து எதிர்க்கட்சித் தலைவராய் ஏற்றம் பெற்றார்.,False
1607,அவருடைய வினாக் களும் விளக்கங்களும் மக்கள் மனதில் அவரிடத்தே நன் மதிப்புத் தோற்றுவித்தன.,False
1608,அறிஞர் உரையாடல்களில் அவருடைய உரைகள் ஆழ்ந்து சிந்திக்கப்படுவதுண்டு.,False
1609,தம்முள் பேசுவர்.,False
1610,அவற்றைக் கேட்குந்தோறும் அறிஞர் குழுவில் தக்கார் தலைமையின் நாவலரது தகவுடையின் சிறப்பு இனிது வெளிப்படும்.,False
1611,நாவலரது கட்சி அடுத்து வந்த தேர்தலில் ஆளுங்கட்சி யாயிற்று அறிஞர் அண்ணாவின் அருமந்த அமைச்சரவையில் நாவலர் நல்ல கல்வியமைச்சரானார்.,False
1612,"அப்போது, சொற் பொழிவு ஒன்றில் தம்மை எனக்கு மாணவர் என அவர் குறித்தது இளையர் உள்ளத்தில் வியப்பை உண்டுபண்ணிற்று.",False
1613,பொருந்துமா என்பது பற்றிச் சொல்லாடல் பிறந்தது.,False
1614,"தொடக்கத்தில் நாவலர், பாண்டி நாட்டவர், அவர் உறவினர் சோழவந்தானில் உளர் என்பது தெளிவானது.",False
1615,அவ்விளைஞர்க்கு மகிழ்ச்சி மலர்ந்தது.,False
1616,பின்னர் சங்க காலப் பாண்டியருள் தலையாலங்கானத்துச் செருவென்ற பாண்டியன் தமிழ் பயிலும் மாணவர் பலர்க்கும் தெரிந்தவன்.,False
1617,"ஆரியப்படை கடந்த நெடுஞ்செழியன், நம்பி நெடுஞ் செழியன் எனப் பலர் உளரெனினும் தலையாலங்கானத்து வென்ற நெடுஞ்செழியனே வீறு கொண்டவன்.",False
1618,இளங்கோவடிகள் புகழும் நெடுஞ்செழியன் கோன்முறை தவறிய மானம் பொறாது உயிர் கொடுத்த உரவோன்.,False
1619,இவ்வேந்தரது கடமையுணர்வும் பெருந்தகை மானமும் நாவலர் நெடுஞ் செழியன்பாலும் நன்கு நிலை பெறுகின்றன.,False
1620,நெடுஞ்செழியன் என்ற பழங்கால நெடுந்தகைகளின் இனிய பெயரை நாவலர் தமக்குப் பெயராகக் கொண்டது சாலவும் பொருந்துவதே எனத் தெளிந்தனர்.,False
1621,நாவலர் நெடுஞ்செழியன் பொன்விழா மலர் .,False
1622,"வாழ்வில் உயர்ந்தோரை நாடின், அவர்கள் சிலர்க்கு ஆனவரும் சிலர்க்கு ஆகாதவருமாகப் பேசப்படுவதுண்டு.",False
1623,ஆனால் பேராசிரியர் மு.,False
1624,வரதராசனார் அவர்களை ஆகாதவரெனப் பேசுபவரை நான் கண்டதில்லை.,False
1625,புலமைத் துறையாயினும் ஆட்சித் துறையாயினும் எவ்விடத்தும் ஒப்ப உயர்ந்த அவரது ஒட்பம்.,False
1626,வியத்தொறும் வியத்தொறும் வியப்பிறந்த மேன்மை சான்றது என்பேனாயின் அது மிகையாகாது.,False
1627,டாக்டர் மு.வ.,False
1628,நினைவுமலர் நவம்பர் செந்தமிழ்ச் செல்வி .,False
1629,ஈன்ற பொழுதிற் பெரிதுவக்கும்...,False
1630,என்பால் தமிழ்பயின்ற நன் மாணாக்கர்களில் தலைமை தாங்கும் புலவர் கோவிந்தன்.,False
1631,அதற்குரிய சான்றாண்மை அவர்பால் இருப்பதால் இப்பணியையும் அவர்பால் சேர்ப்பிக்கிறேன்.,False
1632,"இவ்வாழ்த்துரை, புலவர் அவர்களின் மணிவிழாவின் போது வழங்கியது. புலவர் கா.",False
1633,கோவிந்தன் பவளவிழா மலர் .,False
1634,"மன்றல் கமழும் தென்றல் போந்து மெல்லென, சில்லென வீசி, மெய் குளிர, மனம் களிக்க உலவிக் கொண்டிருந்தது.",False
1635,"முத்தைய செட்டியார் அவர்களது எழில் வரவும், சௌக்கியமா? என்ற இன்னுரையும் மிக்க இன்பம் தந்து, என் அறிவை மயக்கிவிட்டன.",False
1636,வணக்கம் என்ற ஒரு சொல்லைத்தான் அப்பொழுது என் நாவால் மொழிய முடிந்தது.,False
1637,எங்கள் தலைவரின் திருவளர் தலைமகனான திரு.,False
1638,"சுந்தரம் செட்டியார் அவர்கள், அரசர் பெருமான் அவர்களை நிழல்போல் தொடர்ந்து வந்து உரிய சிறப்புச் செய்து உயர்வு செய்தார்.",False
1639,"அப்பொழுது, எங்கள் திருமிக்க தலைவர் செம்புலச் செல்வர் கருமுத்து.",False
1640,தியாகராசர் அவர்களும் மனைமாண் தலைவி திரு.,False
1641,இராதா அம்மையார் அவர்களும் வெளியூர் சென்றிருந்தனர்.,False
1642,"பணிபுரியும் இளைஞர், ஒளி மிக்க குவளையில் தெளிந்த இனிய பருகுநீர் கொணர்ந்தனர்.",False
1643,அண்ணாமலைப் பல்கலைக் கழகத் தமிழ்த்துறைத் தலைவர் பேராசிரியர் திரு.,False
1644,இராமநாதன் செட்டியார் அவர்களின் பெருமனையில் நடந்த திருமண விழாவிற்கு நாங்கள் சென்றிருந் தோம்.,False
1645,தம்மையும் தங்கள் தலைமையையும் பார்த்து உயர்ந்தோர்.,False
1646,இராமநாதன் செட்டியார் அவர்கள்பால் இருந்த நன்மதிப்பை உயர்த்திக் காட்டிற்று.,False
1647,"மதுரைத் திருவள்ளுவர் கழகம், ஆண்டுதோறும் முதுமைப் புலமைச் சிறப்புடைய ஒருவரை வருவித்துப் பாராட்டுவது வழக்கம்.",False
1648,"அம் முறையில், அண்ணாமலைப் பல்கலைக் கழகத்து ஆராய்ச்சித் துறையில் பல்லாண்டு பணி புரிந்து புலமை பழுத்து விளங்கிய திரு.",False
1649,சதாசிவப் பண்டாரத்தார் அவர்களுக்குப் பொன்னாடை போர்த்தும் சிறப்புடைய பணியைச் செட்டிநாட்டு அரசர் திரு.,False
1650,பண்டாரத்தார் அவர்களுடைய பண்பு நலன்களையும் அழகிய முறையில் மக்களெல்லாம் மனம் கொண்டு போற்றும்படியாக உரைத்தது மிக்க உருக்கமாக இருந்தது.,False
1651,அரசர் பெருமான் அவர்களின் உள்ளம் அறிவரிய அகல முடையது அளக்கலாகா ஆழமுடையது.,False
1652,தமிழ்த் துறையில் எம்.,False
1653,முதலிய பட்டம் பெறுபவர்கள் ஆங்கிலத்தைப் புறக்கணிக்கக் கூடாது.,False
1654,"செட்டிநாட்டு நகரத்தார் வாழும் சிறப்புடைய ஊர்களுள் ஒக்கூர் என்பது, சங்க இலக்கிய காலந் தொட்டே சான்றோர் உறையும் சால்புடையது.",False
1655,அவ் ஊரவரான திரு.,False
1656,"அவர், செட்டிநாட்டு அரசர் குடும்பத்துடன் நெருங்கிய தொடர்புடையவர் அக் குடும்பத்தின் தொடர்பினால் தாம் உயர்வு பெற்றதாகத் திரு.",False
1657,சோமசுந்தரம் செட்டியார் அவர்கள் அடிக்கடி கூறுவார்.,False
1658,பெருமை சிறுமைக்குள் அடங்காது சிறுமை பெருமைக்குள் அடங்கும் என்பது தகுந்த நூல் முடிபு.,False
1659,"அதனால், பெரியது, என்றும் சிறியதைப் புறக்கணியாது தன்னொடு சேரத் தழுவிச் செல்கிறது என்பர்.",False
1660,"இவ்வுண்மைக்குச் சான்றாக விளங்குவது, செட்டிநாட்டு அரசர் குடியின் செப்பரும் பெருமை நலம்.",False
1661,"செட்டிநாட்டு அரசர் அவர்கள், மிக விரிந்த மனம் உடை யவர்கள்.",False
1662,"அதனால், இவர்களுடைய நிறுவனங்களில் பல்வேறு இனத்தவரும் பணிபுரிகின்றனர்.",False
1663,நகரத்தார் இனத்து இளைஞர்கள் உயர்ந்த கல்வி பெற வேண்டும் ஆடவரையொப்ப மகளிரும் உயர்கல்வி பெறுவதில் ஊக்கம் கொள்ளவேண்டும்.,False
1664,வெளிநாட்டுப் போக்குவரவு சீர்குலைந்தமையின் நம் நாட்டிலேயே பணிபுரியும் பண்பாளராதல் வேண்டும்.,False
1665,ஆனால் சிறு ஊதியம் நல்கும் சிறு பணிகளை நகரத்தார் இளைஞர்கள் விரும்பலாகாது.,False
1666,"உயர்நிலைப் பணிகளை அடை வதிலும் புரிவதிலும் அவர்களுடைய கருத்து, ஒன்றுதல் வேண்டும் என்றார்கள்.",False
1667,"இந் நாளில் நம் நாட்டில் செல்வமுடைமை, குறைவாகக் கருதப்படுகிறது.",False
1668,"ஒரு கூட்டம், செல்வமுடைய செல்வர்களை வெறுத்த உள்ளமும் கறுத்த நோக்கமும் கொண்டு நோக்குகிறது.",False
1669,செல்வர்களின் செல்வத்தைத் தேய்த்துச் சீர்குலைத்துத் தரை மட்டமாக்குவது.,False
1670,சமுதாயப் பணி என்று ஒரு கூட்டம் கருதுகிறது.,False
1671,மணி விழாவில் அணி கொண்டு திகழும் திருமிக்க செட்டி நாட்டு அரசர் உயர்திரு.,False
1672,"இவர்களது பெரு வாழ்வு, நம் நாட்டின் பெறலருஞ் செல்வமாகும்.",False
1673,அருள் திரு.,False
1674,விபுலானந்த அடிகள் அகத்தியர் வளர்த்த தமிழ் என்று படிக்கின்றோம் கண்ட தில்லை.,False
1675,தமிழனுக்கு இசைஉண்டு என்று ஆராய்ந்து காட்டினவர் ஆபிரகாம் பண்டிதர்.,False
1676,தமிழகம் தாங்கவொண்ணாப் பேரிழப்புக் களில் அடிகளார் பிரிவும் ஒன்று.,False
1677,அவர்கட்குப் பின் சேரன் இளங்கோ தோன்றிச் சிலப்பதிகாரம் வழங்கி முத்தமிழின் மும்மை வடிவும் செம்மையுறக் காட்டினர்.,False
1678,"இப்பெருமக்கட்குப் பின் பலப்பல அறவோர் தோன்றினராயினும், அவர்கள் தத்தம் சமயத்துறைக்கு வேண்டும் அறவுரைகளை மட்டில் வழங்கி மறைந்தனர்.",False
1679,இடைக்காலத்தே தமிழகம் தமிழரசும் தமிழ் வாழ்வும் இழந்து தலைதடுமாறிச் சாதுயர் உற்றதை வரலாறு கூறுகிறது.,False
1680,ஏனை இசையும் கூத்தும் இருந்தவிடம் தெரியாத அளவு ஒளிமழுங்கின.,False
1681,அறத்துக்குக் கேடு வருங்கால் அறக்கடவுள் தோன்றி அதனை நிலை நிறுத்துமென அறவோர் கூறுவதுண்டு.,False
1682,தமிழர் கட்குத் தமிழே அறம் அத்தமிழறம் கெட்டுளது ஆகவே தமிழறவோர் தோன்றித் தமிழை நிலைநிறுத்துவரெனத் தமிழகம் எதிர்நோக்கிற்று.,False
1683,தமிழன்னையின் தவம் அவமாகவில்லை.,False
1684,விபுலானந்த ரென்னும் தமிழ் அறவோர் தோன்றித் தமிழறத்தை நாட்டும் தகவு பெற்றார்.,False
1685,கருவிலே தமிழறம் பேணும் திருவுடையராகிய அடிகள் பிள்ளைப் பெயர் மயில்வாகனனா ரென்பது.,False
1686,இதற்கிடையே மதுரைத் தமிழ்ச் சங்கத்தார் நடத்தும் பண்டிதத் தேர்விலும் வெற்றி பெற்றுப் பண்டிதராகவும் விளக்க முற்றார்.,False
1687,அடிகள் அருள் திரு விபுலானந்தராகி இலங்கையில் ஐந்தாண்டுகள் இராமகிருட்டின சங்கப் பள்ளிக்கூடங்களைப் பேணும் அறத்தொண்டாற்றினர்.,False
1688,பின்பு அண்ணாமலைப் பல்கலைக் கழகத்தில் தமிழ்ப் பேராசிரியராக மூன்றாண்டுகள் இருந்து சீரிய தமிழ்ப்பணி புரிந்தார்கள்.,False
1689,அக்காலையில் ஞானசம்பந்தப் பெருமானோடு உடனிருந்து இசைகொண்டு புரிந்த திருநீலகண்ட யாழ்ப்பாணனார் கைக்கொண்டிருந்த யாழியல்பைக் காணவேண்டுமென்ற திருவுள்ளம் அடிகளார்க்கு எழுந்தது.,False
1690,அண்ணாமலைப் பல்கலைக் கழகத்தின்றும் நீங்கிய அடிகளார் இலங்கையிலும் இமயவரையடியிலும் இருந்து தொண்டாற்றிய போதும் யாழாராய்ச்சியினைச் செய்து கொண்டே வந்தனர்.,False
1691,"இதற்குள் யாழ்நூலின் பண்ணியல், தேவாரவியல், ஒழிபியல் என்னும் பகுதிகளை எழுதி முடித்தார்கள்.",False
1692,பெருஞ்செல்வர் கோனூர் சமீன்தார் திரு.,False
1693,சிதம்பரஞ் செட்டியா ரவர்கள் பெரும்புலவர் அண்ணா மலைப் பல்கலைக் கழக ஆராய்ச்சிப் பகுதி விரிவுரையாளர் திரு.,False
1694,வெள்ளைவாரணனார் அவர்கள்.,False
1695,ல் சென்னைச் சைவ சித்தாந்த மகா சமாசத்தின் தலைவராக விளங்கினார்கள்.,False
1696,வாழ்க அருளறம் வாழ்க அறவோர்.,False
1697,விபுலானந்த அடிகள் மறைந்தது குறித்துப் பாடியவை.,False
1698,பாராட்டற்குரியது உலக வாழ்வில் இன்றைய நிலை பெரிதும் வியந்து யாவரும் விரும்பும் சிறப்புடையதாகும்.,False
1699,மக்களினத்தின் விஞ்ஞான அறிவு மிகவும் வளர்ந்திருக்கிறது.,False
1700,புராண இதிகாசங்களிலும் கற்பனைக் கதைகளிலும் மக்கள் இவ்வாறு போக்கு வரவு புரிந்த தாகப் படித்திருக்கிறோம்.,False
1701,பெரியோர் ஞானக்கண் கொண்டு நெடுந்தொலைவில் நடந்த நிகழ்ச்சிகளை அறிந்து கொண்டதாக அந்நூல்கள் கூறுகின்றன.,False
1702,அக்கற்பனைக் காட்சிகள் இன்று உண்மை நிகழ்ச்சியாய் நம்முன்னே நிகழ்வதைப் பார்க்கிறோம்.,False
1703,அவற்றைத் தான் இன்று நம்மால் காணமுடியவில்லை.,False
1704,ஆனால் இக்கால விஞ்ஞானிகள் வானத்தில் தோன்றும் கோள்களைக் கண்டு அங்கே போய்வர நினைக்கின்றனர்.,False
1705,"மண்ணுலகத்தில் மக்கள், விஞ்ஞானக் காட்சியால் கண்டகருவி களின் வாயிலாக அக்கோள்களின் தொடர்பு பெற முயன்று வருகின்றனர்.",False
1706,ஒரு காலத்தில் மக்கள் பலரும் நிலம் நீர் காற்று முதலிய எல்லாவற்றிற்கும் முதற்காரணம் அணு என்றே கூறிவந்தனர்.,False
1707,வைசேடிகர் முதலிய சமயக் கணக்கர் எல்லாவற்றுக்கும் காரணம் அணு என்றுதான் இசைத்துள்ளனர்.,False
1708,இன்று அணுவைத் துளைத்து உடைத்து அதற்கு முதற்காரணம் ஆற்றல் சக்தி என்ற முடிவுக்கு விஞ்ஞானம் வந்திருக்கிறது.,False
1709,"இக்கல்வி வளமுற வளர்ந்திருப்பது மேனாடுகளிலும், அமெரிக்கா விலும் என்பதை நாம் அறிந்திருக்கின்றோம்.",False
1710,அந்நாடுகளுள்ளும் உருசிய மொழி வழங்கும் உருசியாவும் ஆங்கில மொழி வழங்கும் அமெரிக்காவும் இத்துறையில் முன்னேறியுள்ளன.,False
1711,நமது நாடும் இத்துறையில் முயன்று வருகின்றது.,False
1712,"இந்த அறிவியற் கலையும், கல்வியும் நமது நாட்டு மொழி களில் பெறுதற்கு வாய்ப்பில்லை.",False
1713,இவற்றை அறிந்து கொள்ளுதற்கு இன்று ஆங்கில மொழிதான் சிறந்த வாயிலாக இருக்கிறது.,False
1714,ஆங்கில மொழி நமது நாட்டிற் பரவக் கால் கொண்டது ஒரு நூற்றைம்பது ஆண்டுகட்கு முன்புதான்.,False
1715,அதனை முதற்கண் புகுத்தியபோது நமது நாட்டை ஆண்டவர் ஆங்கிலேயர்.,False
1716,அவர்கள் தமது ஆட்சியைத் தமக்குத் தெரிந்த மொழியில் நடத்துதற்கு நம் நாட்டு மக்களில் கற்றவரைத் துணைக் கொள்ள வேண்டியவராயிருந்தனர்.,False
1717,"தாம் சொல்வதை அறிந்து எழுதவும், சொல்லவும் கூடிய ஆங்கில அறிவு நம்மவர்க்கு உண்டாகும் வகையில் கல்வி முறையை வகுத்தனர்.",False
1718,"அவர்கள் தந்த ஆங்கில மொழியறிவு பெருகியபோது அரசியல் வாணிகம், நீதிமன்றம் ஆகிய துறைகள் யாவும் ஆங்கிலமொழியில் நடைபெறலாயின.",False
1719,கல்வியின் குறிக்கோளும் அரசியல் முதலிய மூன்று துறையிலும் வேலைபெற்று அதனால் எய்தும் ஊதியங்கொண்டு வயிறு வளர்ப்பது என்று மாறுவதாயிற்று.,False
1720,இதற்கேற்ற வகையில் அமைந்த கல்வியும் ஆங்கிலத்தில் நடைபெறத் தொடங்கியது.,False
1721,கற்போர் வேலை எதிர்பார்த்த துறைகளுள் கல்வி கற்பிக்கும் ஆசிரியர் தொழிலும் ஒன்றாயிற்று.,False
1722,இவ்வாற்றால் நம் நாட்டில் கற்பதற்கும் வேலை தேடி வயிறு வளர்ப்பதற்கும் உரியது ஆங்கிலமே என்ற எண்ணம் மேலிட்டது.,False
1723,நாட்டு மொழிகள் வாழ்க்கைக்குத் துணையாகா என வெறுத்துப் புறக்கணிக்கப்பட்டன.,False
1724,ஆங்கிலேயருடைய ஆட்சி நிலைபெறுமுன் தமிழகத்தில் அரசு நிலையின்மையும் போர் அச்சமும் எங்கும் நிலவின.,False
1725,அதனால் மக்களிடையே அமைதியான வாழ்வு இல்லாதொழிந்தமையால் வறுமையும் பிணியும் கல்லாமையும் நாட்டிற் பெருகியிருந்தன.,False
1726,ஆங்கிலேயர் ஆட்சி நிலைகொண்டதும் போர் அச்சம் ஒழிந்தது.,False
1727,வாழ்வில் மக்கட்கு ஓரளவு அமைதி தோன்றிற்று.,False
1728,"பொருளும் வாணிகமும், தொழில்களும் தொன்று தொட்டு வந்த முறையில் உயிர்ப்புப் பெற்றன.",False
1729,அதுகண்ட மக்கள் அரசினர் மனமகிழத்தக்க வகையில் தங்கள் வாழ்க்கையை நடத்த முற்பட்டனர்.,False
1730,தமக்கென ஒன்று இன்றித் தமக்கு வேண்டுவனவற்றைச் சிந்திப்பதும் அரசினர் செயல் எனத் தேர்ந்து அவர்கட்கு முழுத்த அடிமையாயினர்.,False
1731,"அரசின் செல்வாக்குப் பெற்றோருடைய சொல்லும், செயலுமே அவர்கட்கு வழிகாட்டியாயின.",False
1732,"கல்வியும், செல்வமும் செல்வாக்குடையோரிடமே இருந்து வரலாயின.",False
1733,"நாளடைவில் ஆங்கிலேயர்களுக்குத் தம்மால் ஆளப்படும் மக்களிடையே காணப்படும் கல்லாமை, வறுமை, வேற்றுமைகள் தெரியவந்தன.",False
1734,"ஆங்கில மொழியிற் காணப்படும் அரசியல், வாணிகம், விஞ்ஞானம் முதலிய கலைகளை நம்மவர்க்கு வழங்கினர்.",False
1735,"மருத்துவம், பொறியியல் முதலிய கலைகளும் நாட்டு வரலாறு, பொருளாதாரம், மெய்யுணர்வு முதலியனவும் வந்து புகுந்தன.",False
1736,இதனால் அவர்கள் ஆட்சியில் கல்விமுறையிற் குற்றம் குறைகள் இல்லை என்பது கருத்தன்று.,False
1737,இத்தனைக் கலைகளும் கலையுணர்ச்சிகளும் நிறைந்து இன்று உலகப் பொது மொழியாக ஆங்கில மொழி இடம் பெற்று விட்டது.,False
1738,ஆங்கிலேயரை வெறுப்பவரும் அவர்களுடைய ஆங்கில மொழியின் கலைவளம் கண்டு அதனைப் பெரிதுங் காதலித்துக் கற்கின்றனர்.,False
1739,அதற்கு அச்சிறப்பு எங்ஙனம் உண்டாயிற்று?,False
1740,ஆங்கிலேயருடைய நாடு மேலை நாட்டுக் கடற்கண் உள்ள சிறு தீவு என்பது யாவரும் அறிந்தது.,False
1741,மேலும் அது குளிர் மிகுந்து ஓராண்டில் பலதிங்கள் வெளியே செல்ல முடியாதவாறு பனி யுறைந்து கிடக்கும் இயல்பினதாகும்.,False
1742,அக்காலத்தே அவர்கள் தங்கள் மனைகளில் அடைபட்டுக் குளிர் காய்ந்து கொண்டும் தனியே இருந்து சிந்தித்துக் கொண்டும் இருப்பர்.,False
1743,இவ்வியல்பால் குளிர்காலத்துக்கெனப் பொருளீட்டுவது அவர்கட்கு இயற்கை வேட்கையாயிற்று.,False
1744,குளிர்காயும் நெருப்புக்கு விறகு தேடப் புகுந்த சிந்தனை அவர்களை நிலத்தைக் குடைந்து நிலக்கரி காணச் செய்தது.,False
1745,நிலக்கரிக்குப் பின் நீராவி கண்டனர் புகை வண்டி விடுத்தனர்.,False
1746,இடையிடையே இவற்றுக்கு வேண்டும் கருவிகளையும் படைத்தனர்.,False
1747,அதனால் கடலிற் கலம் செலுத்தி வேறு நாடுகட்குச் சென்று பொருளீட்டும் செயலை மேற்கொண்டனர்.,False
1748,அவற்றால் அவர்களுடைய மொழியிலுள்ள சொற்களும் பலவாய்வளர்ந்து பெருகத் தலைப்பட்டன.,False
1749,அவர்களாலும் பற்பல புதுப் பொருட்கள் காண்டலும் புதுக் கருவி படைத்தலும் உண்டாயின.,False
1750,நாளடைவில் அவைகள் அவர்களிடையே விரவத் தொடங்கின.,False
1751,இவ்வாறு தோன்றி வளர்ந்ததன் பயனே இன்று நாம் ஆங்கிலத்திற் காணும் கலைப் பெருக்கமாகும்.,False
1752,நல்ல காலத்தின் குறியாக ஆங்கிலர் நாட்டில் சமயக் கொடும்பூசல் ஒன்று சுமார் நானூறு ஆண்டுகட்கு முன் தோன்றிற்று.,False
1753,வலியார் பலர் எளியாரைத் துன்புறுத்தினர்.,False
1754,அவர்கள் கடல் கடந்து அமெரிக்கா முதலிய நாடுகளிற் குடியேறினர்.,False
1755,இவ்வாறு நிலவுலகு முற்றும் பொருள் வேண்டியும் இடம் வேண்டியும் திரிந்த ஐரோப்பியர்பால் அரும் பண்பு ஒன்று அமைந்திருந்தது.,False
1756,கிரையர்சன் முதலியோர் மக்கள் பேசும் மொழிக்கூறுகளைக் கண்டு குறித்தனர்.,False
1757,"தர்ச்டன் முதலியோர் மக்களினத்தின் பல்வேறு பிரிவுகளையும், அவர்களுடைய வாழ்க்கை முறை, குணம், செயல் ஆகியவற்றையும் தொகுத்துரைத்தனர்.",False
1758,ஊல்சு முதலியோர் கல்வெட்டுக்களை கண்டனர்.,False
1759,மெக்கன்சி முதலியோர் பழங்கால வரலாற்றுக் குறிப்புக்களைத் தொகுத்து வைத்தனர்.,False
1760,"செர்பாட்சிகி முதலியருசியர், பௌத்தம் முதலிய சமய தத்துவங்களை ஆராய்ந்து கண்டனர்.",False
1761,இவை யாவும் ஆங்கில மொழியின் செல்வங்களாகத் திகழ்கின்றன.,False
1762,இந்த ஆங்கில மொழி போலத்தான் நமது நாட்டிலும் வடமொழி தோற்றம் பெற்றது.,False
1763,ஐரோப்பியர் மொழிக்குப் பேச் சொலியோடு எழுதப்படும் எழுத்தும் இருந்தது.,False
1764,ஆனால் வடமொழியாளருடைய வடமொழிக்கு எழுதுதற்குரிய எழுத்து இலதாயிற்று.,False
1765,அவர்கள் தமிழகத்துக்கு வந்தபோது அவர்களது வடமொழி எழுதாக்கிளவியாகவே இருந்தது.,False
1766,அவர்களும் இந்த நாட்டைப் பார்க்க வந்தவர் என்ற பொருள்படத் தம்மைப் பார்ப்பனர் என்றே கூறிக் கொண்டனர்.,False
1767,தொடக்கத்தில் அவர்கள் ஆறுவகைத் தொழில்களே மேற்கொண்டிருந்தனர்.,False
1768,"எனவே, அவர்கட்கு உழவு வாணிகம் முதலிய தொழில்கள் இல்லை என்பது தானே பெறப்படும்.",False
1769,"படவே, அவர்கள் பண்டை நாளில் பொருள் மிகவும் உடையவரான அரசர் சார்பிலும் செல்வர் ஆதரவிலும் வாழ்ந்து வந்தனர்.",False
1770,அவர்கட்குப்பின் வந்த பாண்டியர் காலத்தில் அம்மரபு சின்னாளிருந்தது.,False
1771,பின்பு தோன்றிய சோழ பாண்டியர் காலத்தில் அவ்வழக்காறு வீழ்ந்து போயிற்று.,False
1772,அவ்வடமொழிப் பகுதியும் தேவநாகரி என்ற எழுத்தில் உள்ளது.,False
1773,அவ்வெழுத்தும் மராட்டர் மொழிக்குரிய எழுத்துக் களாகும்.,False
1774,நுட்பம் கூறும் நூல்களைப் பெற்றுத் தமது வடமொழியில் ஆக்கிக் கொண்டனர்.,False
1775,அந்தணர்கட்கு அவை தொழில்கள் அல்லவாயினும் சிறந்த கலை நூற்களைத் தமது மொழியில் பெயர்த்துக் கொள்வது அவர்களுடைய நல்ல பண்பாகும்.,False
1776,"அவர்கள் எப்போதும் அரசர், குறுநிலத்தலைவர், வணிகர் முதலிய செல்வர் சார்பிலேயே இருந்து வந்ததால் இச்செயல்கள் அவர்கட்கு எளிதில் இயன்றன.",False
1777,அரசு நிலையில்லாமையால் நாட்டில் அடிக்கடி நிகழ்ந்த போர்களில் பார்ப்பனர் ஒழிய ஏனையாவரும் கலந்து கொள்ளும் கடமையுடையவர்.,False
1778,அதனால் அவர்களுடைய கலைச் செல்வங்கள் பலவும் வடமொழியாளரிடம் இருப்பது நலம் என்றும் அந்நாளை யோர் கருதினர்.,False
1779,அவ்வாறு கருதியிருந்ததில் தவறில்லை.,False
1780,மேலை நாட்டு ஐரோப்பியரிடம் காணப்படாத ஒரு தீயபழக்கம் வடமொழியாளரிடம் இருந்தது.,False
1781,அவர்களுடைய நூல்களைக் காண்போமாயின் இது இன்னார் கூறியது இதைக் கூறியவர் இன்ன நூலிற் கூறியுள்ளார். என்பதைத் தவறாமற் குறிப்பர்.,False
1782,வடமொழியாளரோ எனில் அப்பெயரை வடமொழியில் மொழி பெயர்த்து அவர்களுடையதாகத் தோன்றுமாறு செய்துகொள்வர்.,False
1783,விரிஞ்சிபுரத்திலுள்ள இறைவனுக்குப் பழம்பெயர் வழித்துணை நாயனார் என்பது.,False
1784,விருத்தாசலத்துக்குப் பழமையான பெயர் முதுகுன்றம் என்பது.,False
1785,இவ்வாறே சைவத் திருமுறைகளிலும் நாலாயிரப் பிரபந்தங்களிலும் காணப்படும் பலபெயர்கள் வடமொழியில் பெயர்க்கப் பட்டுள்ளன.,False
1786,அப்போது தமிழ்நாட்டுத் தமிழர் ஊர்க்குரிய வரலாற்றை வேறு எவரோ எந்த நாட்டிலோ கூறியதாக வரலாறுகள் வேறுபடலாயின.,False
1787,இசையும் கூத்தும் சமயக் கருத்தும் பிறவும் பழம்பெயர் மறைந்து போக வடமொழிப் பெயரால் வெளிவரலாயின.,False
1788,பின்வந்தோர் உண்மை உணர மாட்டாமல் எல்லாம் வடமொழியிலே உள்ளன தமிழ் மொழியே வடமொழியிலிருந்து தோன்றியதுதான் என்று கூறலுற்றனர்.,False
1789,வேள்வி செய்தோர்க்கும் செய்வித்தோர்க்கும் பண்டைநாளில் வேந்தரும் செல்வரும் காமக்காணி என்று சிறப்புப் பெயர் நல்குவது வழக்கம்.,False
1790,இடைக்கால கல்வெட்டுக்கள் மிகப்பல இதனைக் கூறுகின்றன.,False
1791,இவ்வாறு சிறப்புப் பெயர் பெற்ற சான்றோர் ஒருவர் சங்க இலக்கியத்தில் வருகிறார்.,False
1792,அவர் பெயரை ஏட்டில் எழுதினோர் காமக்கணி என்று எழுதிவிட்டனர்.,False
1793,அதைக் கண்ட இக்கால அறிஞர் அது காமாட்சி என்பதன் மொழிபெயர்ப்பு என்று எழுதி யொழிந்தார்.,False
1794,காஞ்சிபுரத்திலுள்ள காமக்கோட்டத்துக் காமாட்சிக்கு அப்பெயர் மிகவும் பிற்காலத்தே உண்டானது என்பது வரலாறு கூறும் உண்மை.,False
1795,உலகில் அறவாழ்விற் சிறந்த சான்றோர்களைத் தமிழர் கடவுளர் என்பர்.,False
1796,அப்பேயரைத் தெய்வ மாகவும் ரிசி களாகவும் மொழி பெயர்த்து அவர்கள் வரலாற்றுள் பலவற்றைத் தெய்வச் செயல்களாக உரைக்கலாயினர்.,False
1797,சாதிசமுதாய வேற்றுமைகள் நிலைபெறு தற்கேற்பப் புராணங்கள் பல வடமொழி வாயிலாகத் தோன்றின.,False
1798,ஆங்கில அறிவும் அதன் வாயிலாக வடநூற்கருத்துக்களும் வரலாற்றுண்மை களும் தமிழ் மக்கட்குத் தெரியவந்தன.,False
1799,என்று திட்ட வட்டமாகக் கூறுவாராயினர்.,False
1800,இதற்கிடையே நல்ல காலமாக மொழிநூல் நெறி பொய்யான கருத்துக்களை மறுத்து விட்டது.,False
1801,உண்மை ஒளிவிட்டுத் திகழ்வதாயிற்று.,False
1802,இப்போது இந்தியப் பேரரசு வடமொழிப் பல்கலைக் கழகங்களை நிறுவி வடமொழியை நாட்டிற் பரப்ப முயலுகின்றது.,False
1803,வடமொழியை யாவரும் எளிதிற் கற்பதற்கேற்ற வழிமுறைகளை ஆராய்தற்கென அறிஞர்குழு ஒன்றை அமைத்துள்ளனர்.,False
1804,இப்போது பரவியுள்ள வடநூலறிவே வடநூற் கடலுட் புதைந்து மறைந்து கிடக்கும் தமிழ்ச் சொற்கள் கருத்துக்கள் பலவற்றை எடுத்துக்காட்டி வருகிறது.,False
1805,வடநூல் அறிவு நாட்டில் பலரும் அறியப் பரவுமாயின் மேலே கூறிய தமிழ் வரலாறுகளும் உண்மைகள் பலவும் மக்கட்குத் தெரிந்துவிடும்.,False
1806,அவ்வந்நாட்டு மொழிகள் தத்தம் தனியியல்பை யுணர்ந்து தழைத்து வளரத் தலைப்படும்.,False
1807,நீதி மன்றங்களில் நிலவும் சட்டங்களில் புகுத்தப்பட்டிருக்கும் வழக்குக் கொவ்வாத கருத்துக்கள் பலவற்றின் புன்மை நாட்டு மக்களுக்கு நன்கு விளங்கும்.,False
1808,ஆதலால் நமது பேரரசு வடமொழி பரவுதற்குச் செய்யும் இந்த முயற்சி பெரிதும் தமிழர் பாராட்டற்குரியதாகும்.,False
1809,"தமிழ் நாட்டுக்குரிய தமிழ், உலகியலுக்குரிய ஆங்கிலம் என்ற மொழிகளைப் போல, வடமொழி இன்றைய வாழ்க்கைக்குப் பயன்படும் தகுதியுடைய தன்று.",False
1810,"தமிழ்ப்பொழில், ஆம் துணர், மார்ச்சு .",False
1811,அப்போது அதனடியில் வேறொரு கன்று தோன்றிவிடும்.,False
1812,"வேள் பாரியின் வள்ளன்மை அவன் மகளிரிடத்தும் இருந்தமையால், அவரது வரலாற்றை ஆராய்ந் தெழுதிய புலவர் திரு.",False
1813,"என்று சொல்லக் கேட்டதும், எனக்கு மட்டற்ற மகிழ்ச்சி யுண்டா யிற்று.",False
1814,இத்தகைய செயலொன்று சென்ற வாரத்தில் நடைபெற்றது.,False
1815,மதுரை மீனாட்சி மில் முதல்வர் கரு.முத்து.,False
1816,"உயர்கலாசாலை களும், உயர்நிலைக் கல்லூரியும் நிறுவிக் கல்வியை நாட்டு மக்கட்கு வழங்குவது அவரது பொதுத் தொண்டு.",False
1817,தமிழ்நாடு என்னும் நாள் தான் வாயிலாக நல்ல தமிழில் உலக நிகழ்ச்சிகளை நாடோறும் வெளியிடுவது ஒரு சிறப்புத் தமிழறமாகும்.,False
1818,இதற்காக ஒரு வகை ஊதியமும் இன்றி இதுகாறும் இரண்டு லட்சரூபாய்க்கு மேல் செலவாகியிருக்கிறது.,False
1819,"இவற்றைச் சீர்தூக்கிக் காணும் நல்லோர் கூட்டம், கரு.முத்து.",False
1820,அவர்களைத் தமிழ் வள்ளல் என்று கூறிப் பாராட்டி வருகிறது.,False
1821,இல்லது புனையும் இயல்பு இக்காலத்தில் இல்லை யென்பது உண்மை.,False
1822,உள்ளதன் உண்மையை உள்ளபடி யெடுத் துரைத்து இன்புறும் இன்றைய அறிஞர் உலகம் கரு.முத்து.,False
1823,"அவர்களைத் தமிழ் வள்ளல் என்று பாராட்டுகிறது என்றால், வேறு கூறல் வேண்டா.",False
1824,இத்தமிழ் வள்ளலுக்கு மக்கள் இருவர் உள்ளனர்.,False
1825,இருவரும் தந்தையைப் போலவே தமிழார்வம் நிறைந்தவர்.,False
1826,தமிழறிஞர்களை நன்கு மதித்துச் சிறப்பிக்கும் நலம் வாய்ந்தவர்.,False
1827,"அவர்களில் முன்னவர் சுந்தரம் என்றும், இளையவர் மாணிக்கவாசகம் என்றும் பெயர் பூண்டவர்.",False
1828,இவ்விருவர் பெயர்களே இவர் தந்தையான நம் தமிழ் வள்ளலின் சிவநெறிப் பற்றினைச் சிறப்புறக் காட்டுகின்றன.,False
1829,"இது நிற்க, திரு.",False
1830,எது செய்வதாயினும் அதனை நன்றாக ஆராய்ந்து குறித்த காலத்தில் முடிக்கும் குறிக்கோள் உடையவர்.,False
1831,விரிந்த மனப் பண்பும் சிறந்த நோக்கமும் அவர்நெஞ்சில் நிலவுவதை அவரோடு சொல்லாடுந் தோறும் விளங்குவதை யாவரும் எளிதில் காணலாம்.,False
1832,தூத்துக்குடி வணிகர் திரு.,False
1833,சேதுராமலிங்கம் பிள்ளையவர்களுடன் திருச் செந்தூர் சென்று செந்திலாண்டவன் திருமுன் வைத்து அப்பணியைத் தொடங்கினேன்.,False
1834,சின்னாட்களுக் கெல்லாம் நற்றிணை மூல ஏடு ஒன்று கிடைத்தது.,False
1835,அதனை அண்ணாமலைப் பல்கலைக் கழக விரிவுரையாளரான திரு.வெள்ளை வாரணம் அவருடன் ஆராய்ந்ததில் பல பாடவேறுபாடுகள் கிடைத்தன.,False
1836,முயன்றால் வேறு ஏடுகளும் பெறலாம் என்ற ஊக்கமும் உண்டாயிற்று.,False
1837,இந்நிகழ்ச்சியை உடனே தமிழ் நாட்டில் வெளியிட்டேன்.,False
1838,செட்டி நாட்டுப் பகுதியில் மிதிலைப் பட்டியில் டாக்டர் திரு.,False
1839,"அவர்களில் தெக்கூர் விசாலாட்சி காலாசாலைத் தமிழாசிரியர் திரு.வித்துவான், கதி.",False
1840,சுந்தரமும் ஒருவர்.,False
1841,சென்ற வெள்ளிக்கிழமை இரவு யான் தமிழ் நாடு அலுவலகத்தில் இருந்தேன்.,False
1842,"அப்போது திரு.தி.சுந்தரம் செட்டியார் அவர்கள் வந்து, என்ன அவ்வை, நாளைக்கு ஊருக்குப் போகலாம் வருகிறீர்களா? என்றார்.",False
1843,எனக்கிருந்த வேலையைக் காட்டி வர இயலாமையைத் தயக்கத்தோடு யான் மொழிந்தேன்.,False
1844,நாளைக் காலை . மணிக்குத் தயாராய் இருங்கள் என்று சொல்லிவிட்டுப் போய் விட்டார்.,False
1845,சிறிது நேரத்திற் கெல்லாம் அங்கே திரு.,False
1846,மாணிக்க வாசகம் செட்டியார் வந்து சேர்ந்தார்.,False
1847,நாளை நடப்பதை யாவர் அறிவார்?,False
1848,மறுநாட் காலையில் குறித்த நேரம் கடந்து விலையுயர்ந்த மோட்டார்கார் ஒன்று என் வீட்டுநோக்கி வந்தது.,False
1849,அது திரு.தி.,False
1850,அவர்கள் வழக்கமாக வரும் கார் அன்று அவர் தம்பி திரு.,False
1851,வரும் காராகும்.,False
1852,அது கண்டதும் என் மனதில் தோன்றிய திகைப்பு திரு.தி.சு.,False
1853,அவர்கள் குரலால் நீங்கிற்று.,False
1854,பிறகு தி.சு.,False
1855,அவர்கள் தான் வரும் கார் வரஇயலாது போனதை யுரைத்து என் ஐயத்தை நீக்கினார்கள்.,False
1856,பின்பு நாங்கள் இருவரும் காலை நேரத்தேயே தெக்கூர் சென்று சேர்ந்தோம்.,False
1857,தெக்கூரில் திரு.கரு.முத்து.,False
1858,"அங்கே நீராடி வழிபாடு முடித்துச் சிற்றுண்டி கொண்ட யான், சிறிது போதில் திரு.",False
1859,சுந்தரம் அவர்கள் வரக்கண்டேன்.,False
1860,அவர் வலையப்பட்டிக்குச் செல்ல விருப்பதாகச் சொன்னார்.,False
1861,அவர்கள் நாமும் வலையப்பட்டிக்குப் போகலாமே என்றார்.,False
1862,"எனக்கென்னவோ, தெக்கூர்ப் பேரகத்திலே தங்கிஎன்னோடு கொண்டு சென்ற குறை வேலையை முடிப்பதிலே கருத்து ஊன்றி யிருந்தது.",False
1863,"அப்போது, கதி.",False
1864,பின்பு நாங்கள் அனைவரும் வலையப்பட்டிக்குச் சென்றோம்.,False
1865,இப்பகுதியில்தான் முதலைப்பட்டி மிதிலைப்பட்டி உள்ளது என்றபோது எனக்கு இங்கே பழைய ஏடுகள் கிடைக்கலாம் என்ற எண்ணமுண்டாயிற்று.,False
1866,சிறிது போதில் நாங்கள் சென்ற கார் ஒரு வீட்டின் வாயிலில் நின்றது.,False
1867,அதைக் கண்டதும் எப்படியோ என் உள்ளத்தில் இங்கே சில நல்ல ஏடுகள் கிடைக்கலாம் என்ற நம்பிக்கை உறுதியாயிற்று.,False
1868,"யான் சென்ற காரைக் கண்டதுமே, அவ்வீட்டில் உள்ளவர்க்கு என்பால் நன்மதிப்பு உண்டாயிற்று.",False
1869,உள்ளே சென்ற கதி.,False
1870,"சுந்தரம், வீட்டு ஆச்சிக்கு வந்த நோக்கத்தைத் தெரிவித்து விட்டு என்னை உள்ளே அழைத்துச் சென்றார்.",False
1871,அங்கே இருந்தோர் பலரும் என்னை அன்போடு வரவேற்றார்கள்.,False
1872,ஏடுகளின் காட்சியும் ஆச்சியின் மொழியும் என் உள்ளத்தைச் சிறிது நேரம் அசைவின்றி நிறுத்தின.,False
1873,பிறிதோரேட்டின் தொடக்கத்தில் வான் பெயனனைந்த புறத்த நோன்பியர்தை யூணிருக்கையிற் றோன்று நாடன் என்ற அடிகள் காணப்பட்டன.,False
1874,அதன் இறுதியில் இது நல்லேட்டினார் என்பதும் எழுதப்பட்டிருந்தது.,False
1875,உடனே இது நற்றிணை யென்பது தெரிந்தேன் என் உள்ளத்தில் உண்டான மகிழ்ச்சிக்கு எல்லையில்லை.,False
1876,இவற்றோடு என் நெஞ்சிலெழுந்த ஆசை நிற்கவில்லை.,False
1877,எல்லா ஏடுகளையும் பார்த்து விடுவதெனத் துணிந்தேன்.,False
1878,"விறலி விடு தூதன், மன்னராயன் மடல் முதலிய வேறு சில நூல்கள் கிடைத்தன.",False
1879,மணியும் மணிக்கு மேலாயிற்று.,False
1880,பின்பு தனது மனைக்குச் சென்றிருந்த கதி.,False
1881,சுந்தரம் வந்தார்.,False
1882,அவருடன் வீட்டாரது அன்பார்ந்த விடையும் ஏடுகளும் பெற்றுக் கொண்டு திரு.தி.சு.,False
1883,அவர்கள் இருந்த வீட்டுக்கு வந்தேன்.,False
1884,"அவர் முகம் பசியாலும், வெயிற் கடுமையாலும் வாடியிருந்தது.",False
1885,நண்பகற்போதில் நெடிது நேரம் கழிந்தது பற்றித் திரு.தி.சு.,False
1886,"அவர்கள் வருத்தப்படுவரோ என்ற அச்சம் என் மனதில் தோன்றி, யான் கொண்ட மகிழ்ச்சியனைத்தையும் மாற்றியது.",False
1887,என் மன நிலையை யறிந்து அவர்கள் அன்போடு உரைத்த மொழிகள் எனக்கு ஊக்கத்தை யளித்தன.,False
1888,"நாங்கள் வேறொரு வீட்டில் விருந்துண்டு, நெற்குப்பையில் களைப்பாறி மாலையில் தெக்கூர் வந்து சேர்ந்தோம், பின்னர், திரு.",False
1889,"அவர்கள் தெக்கூர் கலாசாலையின் சார்பாக செய்ய வேண்டிய அலுவல்களைச் செய்தாராக, யான் என் வேலைகளையும் செய்து முடித்தேன்.",False
1890,இரவு மணிக்குத் தெக்கூரிலிருந்து புறப்பட்டு மணிக்குள் மதுரை வந்து சேர்ந்தோம்.,False
1891,அன்றிரவு உறங்குகையில் ஒரு பழைய நினைவு நெஞ்சில் தோன்றிற்று.,False
1892,தமிழ் வள்ளல் திரு.,False
1893,அரம்பையின் கீழ்க்கன்றும் உதவும் கனி என்ற சான்றோரது நல்லரையின் சால்புதான் என்னே!,False
1894,வாழ்க தமிழ் வள்ளல்.,False
1895,"தமிழ்ப்பொழில் , .",False
1896,முன்னணியில் நிற்பவர் இன்றைய தமிழ் நன்மக்களுக்குத் திருவள்ளுவரது திருக்குறள் பெறலரும் அறிவு ஒழுக்கக் கருவூலமாவது தெரியத் தொடங்கி விட்டது.,False
1897,எங்கும் யாவரும் திருக்குறளைப் பற்றிப் பேசுகின்றனர்.,False
1898,எவருடைய பேச்சிலும் திருக்குறள் கருத்து ஒளிர்கின்றது.,False
1899,இந்நிலைமை எய்துவதற்கு முயன்று பயன்கண்டு மகிழ்ப வருள் நண்பர் கி.ஆ.பெ.,False
1900,விசுவநாதம் முன்னணியில் நிற்கின்றார்.,False
1901,"அவருடைய பேச்சிலும், எழுத்திலும், திருக்குறளின் சொல்லும் பொருளும் திகழ்வது யாவரும் அறிவர்.",False
1902,"இனிய மொழி நடையும் இடையிடையே நகை நலமும் கனிந்து, தெளிந்த ஆறுபோல் ஓடுவது அவரது சொற் பெருக்கு.",False
1903,வரலாறு காண்போர் நன்கறிவர்.,False
1904,இந் நாளில் அவர்கள் மீளத் தலையெடாவாறு பிறமொழியும் பிற தொடர்புகளும் மேம்படலாயின.,False
1905,"ஆயினும் மக்கள் தம்மைத் தமிழர் என்றும், தமது தொன்மை நலம் இதுவென்றும் மெல்லத் தெரிந்து கொண்டனர்.",False
1906,தமிழ்ப் புலவர்களின் தமிழ்ப் பணியின் தவறு நலங்களைப் பகுத்தறியலானார்கள்.,False
1907,அவர்களிடையே பாரதிதாசனார் போலும் தகவுடைய கவிகள் தோன்றலாயினர்.,False
1908,அவருள் பாரதிதாசனார் தலைமையிடம் பெற்றுத் திகழ்கின்றார்.,False
1909,பாவேந்தர் நிதிஅளிப்பு மலர் .,False
1910,இரு துருவங்கள் உரைவேந்தர் ஒளவை சு.,False
1911,துரைசாமி பிள்ளை பழுத்த சைவர் ஆத்திகர்.,False
1912,பாவேந்தர் பாரதிதாசன் பழுத்த சீர்திருத்தவாதி நாத்திகர்.,False
1913,"என்றாலும் தமிழ் இந்த இரு துருவங்களையும் இணைக்கும் பாலமாக இருந்து, இவர்கள் நட்பை வளர்த்தது.",False
1914,கொள்கை வேறுபாடு எப்போதும் இவர்கள் குறுக்கே நின்றதில்லை.,False
1915,என் சொந்ததவூர் வடவார்க் காடுமாவட்டத்தைச் சேர்ந்த ஒளவையார் குப்பம்.,False
1916,நான் செய்யாற்றில் ஆசிரியராகப் பணிபுரிந்த நேரத்தில் பாவேந்தர் புதுவையில் ஆசிரியராகப் பணிபுரிந்து கொண்டிருந்தார்.,False
1917,மயிலம் முருகன் பேரில் எனக்கும் ஈடுபாடு அவருக்கும் ஈடுபாடு.,False
1918,அவர் மயிலம் முருகன் மீது சுப்பிரமணியர் துதியமுது பாடினார்.,False
1919,நானும் முருகனைப்பற்றிப் பாடல் எழுதும் பண்புடையேன்.,False
1920,மயிலம் கோவிலில் அவரும் நானும் சந்தித்து அளவளாவுவோம்.,False
1921,நான் கரந்தைத் தமிழ்ச்சங்கத்தில் நூலகராக இருந்து கொண்டு கரந்தைக் கவியரசு வெங்கடாசலம் பிள்ளையிடம் தமிழ்ப் பயின் றேன்.,False
1922,அப்போது பாரதிதாசனார் தஞ்சாவூர் வரும்போதெல்லாம் தமிழ்ச் சங்கத்துக்கு வருவார்.,False
1923,எங்கள் நட்பு வளர்ந்தது.,False
1924,சுயமரியாதைக் கூட்டங்களுக்கும் மாநாடுகளுக்கும் நான் செல்வதுண்டு ஆனால் தீவிரமாகப் பங்கேற்பதில்லை.,False
1925,திருவாரூர்ச் சுயமரியாதை மாநாட்டில் சந்தித்தோம் ஒன்றாகத் தங்கியிருந்தோம்.,False
1926,நான் உரை எழுதிய ஐங்குறு நூறு மருதத்திணை வெளிவந்தபோது பாரதி தாசனாரின் பாடல் முதல் தொகுதி வெளியாயிற்று.,False
1927,ஞானியார் சுவாமிகள் தலைமையில் சைவ சமாஜக் கூட்டம் புதுவையில் நடைபெற்றது.,False
1928,நானும் மணி.,False
1929,கோடீசுவரனும் கூட்டத்துக்குச் சென்றிருந்தபோது பாரதிதாசனார் வீட்டில் தங்கியிருந்தோம்.,False
1930,தமிழைப் பற்றியும் சைவத்தைப் பற்றியும் ஆர்வத்தோடு பேசுவார்.,False
1931,"நான் அண்ணாமலைப் பல்கலைக் கழகத்தில் பணிபுரிந்த போது, அடிக்கடி மனைவியோடு எங்கள் வீட்டுக்கு வருவார்.",False
1932,அவர் மனைவிக்கும் என் மனைவிக்கும் நெருங்கிய நட்பு.,False
1933,தங்கள் சுகதுக்கங்களை நீண்டநேரம் பரிமாறிக் கொள்வர்.,False
1934,"தஞ்சை, நாகர்கோவில், திருநெல்வேலி ஆகிய இடங்களில் நடைபெற்ற புலவர் குழுவில் நாங்கள் ஒன்றாகக் கூடியிருக்கும் வாய்ப்புக் கிடைத்தது.",False
1935,நாகர்கோவில் புலவர் குழுவுக்குச் சென்றிருந்த போது என் மாணவன் நாஞ்சில் ஆரிது வீட்டில் தங்கியிருந்தோம்.,False
1936,காலையில் கன்னியாகுமரி சென்று எழுகதிரின் அழகைக் கண்டு களித்துத் திரும்பினோம்.,False
1937,நாங்கள் தனியாக இருக்கும்போது நான் பாடும் பாட்டி லுள்ள குறை பற்றிச் சொல்லு பார்ப்போம்.,False
1938,நீர் சொன்னால் சரியாக இருக்கும் என்று கேட்பார்.,False
1939,நான் குறை சொல்லமாட்டேன் குறையும் இல்லை என்று நான் சொல்லுவேன்.,False
1940,புதுவையிலே ஆட்சிக்குவரும் தலைவர்களெல்லாம் நீங்கள் திட்டினால் பொறுத்துக் கொள்கிறார்களே!,False
1941,ஏன்? என்று நான் கேட்பேன்.,False
1942,எல்லாத் தலைவனும் லிருந்தே எனக்குப் பழக்கம் என்று அவர் சொல்லுவார்.,False
1943,நாங்கள் அரசியல் வாதிகளாயிருந்தால் அடிக்கடி சந்திக்கும் வாய்ப்புண்டு நாங்கள் இலக்கிய வாதிகள்.,False
1944,எப்போதாவது இலக்கியக் கூட்டங்களில் சந்திப்போம்.,False
1945,சந்திக்கும்போது ஒருவரை யொருவர் கேலிசெய்து சிரித்துப்பேசி மகிழ்வது எங்கள் வாடிக்கை.,False
1946,நாங்கள் கூடியிருப்பதையும் பேசிமகிழ்வதையும் எல்லாரும் வியப்போடு பார்ப்பார்கள்.,False
1947,குயில் கூவிக் கொண்டிருக்கும் முருகு சுந்தரம் .,False
1948,நிலையான அறிஞர் நண்பர்.,False
1949,அண்ணாதுரை அவர்கட்கு ஆண்டு ஐம்பது ஆகிறது என்ற செய்தி அறிய எனக்கு வியப்பு உண்டாயிற்று.,False
1950,அவரை நினைக்கிறபோது அவருடைய உருவம்.,False
1951,இளமை நலமும் அறிவொளியும் கொண்டு என் மனக் கண்ணில் தோன்றுவது இயல்பு.,False
1952,பகட்டான உடையும் பரபரப்புக் கலந்த நடையும் எந்தக் காலத்தும் அவரிடம் தோன்றியதில்லை.,False
1953,அண்ணாதுரை யவர்களை யான் முப்பத் தொன்பது ஆண்டுகட்கு முன்பே அறிவேன்.,False
1954,அவருடைய பேச்சும் எழுத்தும் அந்த நாளிலேயே அறிவு மணம் கமழ்ந்து.,False
1955,கேட்போர் படிப்போர் உள்ளத்தை ஈர்த்துப் பிணிக்கும் இயல்பு பெற்று விளங்கின.,False
1956,இதழாசிரியராய் தமிழ் மக்களை இருளின் நீங்கி நல்ல அறிவொளி பெறுமாறு இயக்கந் தொடங்கிய காலத்தில்.,False
1957,இளங்கதிர் ஞாயிறு ஒன்று தமிழ் வானத்தில் எழுகிறது என எண்ணி இறும்பூது கொண்ட நண்பர்களில் யானும் ஒருவன்.,False
1958,நண்பர் திரு.,False
1959,அண்ணாதுரை அவர்களால் தமிழ்ப் படிப்பும் தமிழ்ச் சொல்வன்மையும் எழுத்து நடையும் புது மலர்ச்சி பெற்றன.,False
1960,செந்தமிழின் செம்மை சிறப்புறத் தோன்றிற்று.,False
1961,அவருடைய அறிவு செறிந்த ஆதரவால் செந்தமிழில் செம்பாகமான செய்யுள் பிறந்தது.,False
1962,தீவிய இனிய செய்யுள் நூல்கள் எழுந்தன செய்தித்தாள்கள் சீரிய நடைகொண்டன அரசியல் வாழ்வில் புதிய நோக்கம் துலங்கிற்று.,False
1963,இத்துணை நலங்கட் கெல்லாம் தலைமை இளைஞராய்.,False
1964,நிலைகுலையா அறிஞராய்.,False
1965,வாழ்க அண்ணாதுரை!,False
1966,வளர்க தமிழ் உணர்வு!,False
1967,முரசொலி பொன் விழா மலர் அண்ணா ஆண்டு நிறைவு விழா .,False
1968,தமிழன்னையின் தனிப்பெருந் தொண்டர் ஆண்டுகட்கு முன் கரந்தைத் தமிழ்ச் சங்கப் பணியாளனாக இருந்தபோது என் நண்பர் சிவ.,False
1969,குப்புசாமிப் பிள்ளை அவர்கள் காலஞ்சென்ற உயர்திரு திருவரங்கம் பிள்ளை அவர்களின் தொடர்பு பெற்றுச் சில திங்களில் நண்பனாயினேன்.,False
1970,அன்று முதல் கழகத்தின் தொடர்பு பெருகிற்று.,False
1971,சுப்பையா பிள்ளை அவர்கள்.,False
1972,"கழகம் வளரத் தாம் வளர்ந்து, தாம் உயரக் கழகம் வளர்த்துத் தனி மாண்பு பெற்றவர்.",False
1973,உயிர் வேறு உணர்வு வேறெனப் பிரித்தறிய இயலாதவாறு போலத் திரு.,False
1974,வேறு கழகம் வேறு என பிரித்துக் காணவியலாதவாறு பிரிப்பறப் பின்னிப் பிணைந்து நிற்கும் பெருமகனாவர்.,False
1975,சுப்பைய்யா பிள்ளை பவள விழா மலர் .,False
1976,விசுவநா தன்சீர் மிகுந்து!,False
1977,இதனால் எழுத்தாளர் தொகை வளர்ந்து வருகிறது.,False
1978,இது மிகவும் வரவேற்கத் தக்க நற்செயலாகும்.,False
1979,"எழுத்தாளர் என்ற பெயர், எழுத்தை ஆள்பவர் என்ற பொருளைத் தரும் மிகப் பழைய தொரு தமிழ்ச் சொல்லாகும்.",False
1980,இரண்டாயிரம் ஆண்டுகட்கு முன்பே தோன்றி இடைக்காலத்தும் நிலவியிருந்த இச்சொல் மறைந்து போயிற்று.,False
1981,சேந்தம்பூதனார் என்ற சங்கச் சான்றோர் ஒருவர் குறுந்தொகையிற் காணப்படும் சான்றோர் நிரலில் உள்ளார்.,False
1982,அவர் அந்நாளில் மதுரையில் வாழ்ந்த எழுத்தாள ராவர்.,False
1983,அதுபற்றி அவரை மதுரை எழுத்தாளன் சேந்தம் பூதனார் என்றனர்.,False
1984,"பிற்காலத்தே, இவ்வெழுத்தாளர் பெயர், வடமொழி வியாகரணிகட் கொப்ப எழுத்திலக்கணம் அறிந்த மக்கட்குச் சிறப்புப் பெயராகவும் நிலவ முயன்றது.",False
1985,சென்ற இருநூறு ஆண்டுகளில் இச்சொல் மறைந்து போயிற்று.,False
1986,"ஆங்கிலமே அரசியல் மொழியாக இருந்தபடியால், அதனைப் பிழையற எழுதுவதும் பேசுவதுமே கல்வி நிலையங்களில் குறிக் கொண்டுபேணப்பட்டன.",False
1987,ஏனைத் தமிழ் மொழியைப் பிழைபட எழுதினாலும் பேசினாலும் குற்றமாகக் கருதாத புறக் கணிப்பு நிலை உண்டாயிற்று.,False
1988,ஏனை ஆந்திரர் மலையாளர் முதலியோர் துணைகொண்டு வடமொழியை அதற்குரிய ஒலி குன்றாமல் தமிழில் நுழைத்துப் பார்த்தனர்.,False
1989,வடசொற்கிளவி வட எழுத்து ஒரீஇ நீக்கி எழுத்தொடு புணர்ந்த சொல்லாகும்மே என்ற தொல்காப்பியத்தைச் செல்லாக் காசாக்கக் கருதினர்.,False
1990,கலைச்சொற்களை ஆக்கும் முயற்சியில் நுழைந்து அவற்றை வடமொழியில் ஆக்கித் தமிழில் பரப்ப முயன்றனர்.,False
1991,எப்படியோ காலப்போக்கில் தமிழர் விழித்துக்கொள்வாராயினர்.,False
1992,"அரசியல் மேடைகளிலும், பொது மேடை களிலும், இசையரங்குகளிலும், திரைப்படங்களிலும் நல்ல தமிழ் தோன்றி இனிமை செய்வதாயிற்று.",False
1993,அரசியலையும் இனிய தமிழில் நடத்தும் மேன்மை தமிழர்க்குத் தோன்றிவிட்டது.,False
1994,"இந்நிலையில் திங்கள் வெளியீடுகளும் கிழமை வெளியீடு களும், சிறுகதைகளையும் கட்டுரைகளையும் வெளியிடத் தலைப் பட்டன.",False
1995,அவையாவும் ஆங்கில நெறியைப் பின்பற்றித் தோன்றியன வாகும்.,False
1996,அவற்றை எழுதும் அறிஞர்களை ரைட்டர்கள் என்பது ஆங்கில நெறி.,False
1997,அச்சொல்லை வேரோடுமொழிபெயர்த்தனர்.,False
1998,"நாளடைவில் சிறுகதைகளும் கட்டுரை களும், செல்வாக்கும் முன்னே கூறியபடி பொருள் வருவாயும் நலகின.",False
1999,அதனால் எழுத்தாளர் பலர் தோன்றுவது இயல்பாயிற்று.,False
2000,"ஆயினும் அவ்வெழுத்தாளர் கூட்டத்தில் எழுத்து அறிந்தோரும், அறியாதோரும், பிறமொழி அடிவருடிகளும் வேற்றுமையின்றிக் கலந்து இடம் பெற்றனர்.",False
2001,அதனால் அவர் வரைவனவற்றுள் தமிழுக்குக்கேடு செய்யும் எழுத்துக்களும் சொற்களும் கலந்து தோன்றுவனவாயின.,False
2002,"அவற்றைக் கண்டதும், விழிப்புற்ற தமிழ் மக்கள் பழம்பகை நட்பாகாது என்ற உண்மையை உணர்ந்தனர்.",False
2003,உள்ளம் மலர்ந்தனர்.,False
2004,இவற்றுள் கலந்து தொண்டாற்றுவதில் கற்ற இளைஞர்கள் பெரிதும் ஈடுபட்டு இருக்கின்றனர்.,False
2005,அவர்கள் முயற்சியும் தொண்டும் உறுதியான பயனை விளைத்து வருகின்றன.,False
2006,ஆங்கில எழுத்தாளருள் உயரிய சிந்தனையாளர் கலந்து பணி புரிகின்றனர்.,False
2007,இசையறிஞரும் நாடக நன்மக்களும் எழுத்தாளர் மன்றத்தின் இனிய உறுப்பினராவர்.,False
2008,எல்லாரும் இன்புற்று இருக்கும் நல்வாழ்வு நாட்டில் அமைவதே இம்மன்றங்களின் குறிக்கோள்.,False
2009,உளத்தூய்மை யும் வினையாண்மையும் மொழிவன்மையும் இந்த எழுத்தாளர்க்கு இன்றியமையாத இலக்கணமாகும்.,False
2010,வள்ளலார் கண்ட வள்ளன்மை பொருள்களை நோக்கும் சான்றோர் இரு திறத்தார்.,False
2011,ஒருவர் பொருள் நோக்கினர் மற்றவர் அருள் நோக்கினர்.,False
2012,பொருள் நோக்கினர் நாம் வாழும் உலகினை நோக்குமிடத்து முதலில் கீழுள்ள நிலத்தையும் மேலுள்ள வானத்தையும் நோக்குவர்.,False
2013,சேரமன்னனைப் பாடப்புகுந்த முடிநாகனார் பொருள் நோக்கினர்.,False
2014,"அவர் மன்னனை வாழ்த்தக் கருதி, மண்திணிந்த நிலனும் நிலன்ஏந்திய விசும்பும் என்று தொடங்குகின்றார்.",False
2015,முதலில் கீழே மண்படிந்த நிலமும் மேலே வானமும் பின்னர் இரண்டின் இடைப்பட்ட பூதங்களும் அவரால் காணப்படுகின்றன.,False
2016,மணிவாசகப் பெருமான் அருள் நோக்கினர்.,False
2017,பொருள் நெறிக்கு நிலமும் நீரும் நெருப்பும் முறையே வேண்டப்படும்.,False
2018,அருள் நெறிக்கு வானமும் காற்றும் முறையே நினைக்கப்படும்.,False
2019,உயிர்ப்பொருள்களும் திருவருளால் உடம்பும் உயிருமாய் இயைந்திருப்பதை எண்ணுகிறார்.,False
2020,"இப்படி நினைந்தும், பேசியும், செயல் செய்தும், பொருள் ஈட்டுகின்றார்கள்.",False
2021,"இது எனது கருத்து, இது எனது சொல், இது எனது பொருள் என்று பொருளிடத்து உரிமையும் பற்றும் கொள்கிறார்கள்.",False
2022,இவைபோலும் செயல்களைச் செய்வதற்கும் அவற்றால் பொருள்பெற்று வாழ் வதற்கும் துணைபுரிகின்றன.,False
2023,அதற்காகத்தான் இறைவன் அவரவரைக் சுத்தாட்டுவானாகி நின்றான் என்று மணிவாசகர் உரைத்தருளினார்.,False
2024,உலகியல் இன்பம்தரும் பொருள்மேல் உண்டான பற்றை விட்டா லன்றி பொய்ப்பொருள் அறிவும் மெய்யின்பமும் பெறலாகாது.,False
2025,இனிமைச் சுவை தரும் இன்பத்தால் இனிப்புப் பொருள்மேல் பற்று விட்டாலன்றி சர்க்கரை நோய் நீங்கா தல்லவா?,False
2026,"அதனால்தான் திருவள்ளுவர், பற்றி விடாஅ இடும்பைகள் பற்றினைப் பற்றி விடாஅ தவர்க்கு என்றார்.",False
2027,இதனால் பற்றை விடுவதுதான் நல்லது என்று தெரிகிறது.,False
2028,ஆனால் அதை விடுவது எப்படி?,False
2029,அதுதானே அருமை என்று கேட்கலாம்.,False
2030,"அக் கேள்விக்கு விடைகூறுவது போலத் திருவள்ளுவர், பற்றுக பற்றற்றான் பற்றினை அப்பற்றைப் பற்றுக பற்று விடற்கு என்று கூறுகின்றார்.",False
2031,இதனைச் சிந்திக்கின்றார் நம் வடலூர் அருள் வள்ளல்.,False
2032,நம்மிடத்தில் பேரருள் உடையவராகையால் அவருடைய பேருள்ளம் இதனைச் சிந்திக்கின்றது.,False
2033,எங்ஙனம் பற்றை விடுவது?,False
2034,என்று சிந்தனை எழுகின்றது.,False
2035,தேனினும் இனிய சொற்களால் தெரிவிக் கின்றார்.,False
2036,"சுகம் பெறுதற்கு எவ்வாறு இருந்தால் இயலும் எனின், அம்ம!",False
2037,இவ்வாறு இருந்தால் இயலாது என்று கண்ட அவரது சிந்தனையில் இத்திருக்குறள் தோன்றி ஒளி செய்கிறது.,False
2038,அவரது அருளுரையைப் பாருங்கள் பற்றற்றான் பற்றினைப் பற்றுக என்று திருக்குறள் கூறுகிறது.,False
2039,"பற்றற்றான் பற்றினையே பற்றியிடல் வேண்டும், அது பற்றற்றா லன்றிப் பலியாது என்று விளக்குகின்றார்.",False
2040,இவ்வாறு பற்றின் வன்மையைக் கூறிய வள்ளலார்.,False
2041,அதனை விடக்கூடாது என்று சொல்லவில்லை.,False
2042,விட்டே தீர்தல்வேண்டும் என்கிறார்.,False
2043,ஈங்குவிரியும் சகப்பழக்க வாதனைபோய் நீங்கிலன்றி வாராதால் என்று கூறுகிறார்.,False
2044,அதாவது மேன்மேல் விரிந்து பெருகிடும் உலகியல் பழக்கம் நீங்கினாலன்றிப் பற்றறும் தன்மை உண்டாகாது என்று உரைக்கின்றார்.,False
2045,அங்ஙனமானால் உலகியலான சகப் பழக்கத்தை எவ்வாறு விட்டொழிவது என்று வள்ளலார் வளமாகச் சிந்திக்கின்றார்.,False
2046,அதனால் மாயா காரியங்களில் உண்டாகும் பழக்கம் பற்றை விளைவிக்கிறது.,False
2047,அதாவது திருவருள் ஞானத்தால் சகப்பழக்க வாதனை நீங்கும் வாதனை நீங்கின் பற்றறும் பற்றற்றால் இறைவனை அடையலாம்.,False
2048,அதற்கு அநித்திய நித்திய விவேகம் வேண்டும் என்று அறிவுறுத்துகின்றார்.,False
2049,வடலூர் வள்ளலாரின் இவ்வள்ளன்மை சிவஞான நூலறிஞர்க்குப் பெரும்பேறாகும்.,False
2050,"பாரத சமுதாய ஒருமை நலம் பாரத சமுதாயத்தின் பண்பு பலவற்றையும் காண்பதற்கு, அதனிடையே நிலவும் இலக்கியங்கள் பெருந்துணையாகும்.",False
2051,அவற்றுள் வேதங்களை அடுத்துத் தோன்றிய புராணங்களும் இதிகாசங்களும் பழமை வாய்ந்தவை.,False
2052,"இதிகாசம் என்ற சொல், அதர்வ வேதத்திலும், பிராமணங் களிலும், உபநிடதங்களிலும் காணப்படுகிறது.",False
2053,இதிகாசம் என்ற அச்சொல்லுக்கு வரலாறு என்று பொருள்.,False
2054,பாரதம் ஒன்றுதான் முன்னாளில் இதிகாசம் என்று குறிக்கப் பட்டது.,False
2055,இராமாயணத்தைப் பலரும் ஆதிகாவியம் என்றே வழங்கினர்.,False
2056,"பிற்காலத்தில்தான் பாரதமும், இராமாயணமும் இதிகாசம் என வழங்கலாயின.",False
2057,இராமனது வரலாறு கூறும் இராமாயணம் முதலில் வான்மீகி யாரால் எழுதப் பெற்றது.,False
2058,"அதனை அவர் முதலில் இராமனுடைய மக்களுக்குச் சொன்னார், என்று வான்மீகியின் வரலாறு கூறுகிறது.",False
2059,"சீதையைச் சிறப்பிக்கும் வகையில் இராமாயணத்தைச் சீதாசரிதம் எனவும், இராவணன் வீழ்ச்சி கூறுவது பற்றிப் புலத்திய வதம் எனவும் கூறுவர்.",False
2060,"நம் நாட்டு அறிஞர், இராமனைத் திருமாலின் அவதார மெனக் கருதுவர்.",False
2061,இராமன் திருமாலின் தோற்றம் என்ற கருத்தை முதற்கண் வெளியிட்டவர் வான்மீகி.,False
2062,"அது பின்பு பாரத நாடு முழுதும் பரவி, ஆங்காங்க வாழ்ந்த சான்றோர் உள்ளத்தில் வேரூன்றியது.",False
2063,"தமிழில் சிலப்பதிகாரம், மணிமேகலை என்ற இருபெருங் காப்பியங்களும் இராமனைத் திருமாலின் அவதார மாகவே குறிக்கின்றன.",False
2064,"இராமன் வேத முதல்வற் பயந்தோன் என்பது நீயறிந்திலையோ, நெடுமொழியன்றோ என்று இளங்கோ அடிகள் எடுத்துரைக்கின்றார்.",False
2065,"இராமனுடைய குணநலன்கள், தந்தை சொல்மிக்க மந்திர மில்லை, தாயிற் சிறந்ததொரு கோயிலுமில்லை என்ற பாரதப் பண்பாட்டை விளக்குகின்றன.",False
2066,"உடன் பிறந்தாரோடு உண்மையன்பால் பிணிப்புண்டு உள்ளமொத்து ஒழுகும் தம்பியர் மாண்பு, இலக்குவன், பரதன் என்ற இருவரிடத்தும் விளங்குகிறது.",False
2067,"அறத்திற்கு மாறுபடுவாராயின், உடன் பிறந்தாரையும் வெறுத்து நீங்கும் நல்லியல்பு சுக்கீரிவனிடத்தும், விபீடணனிடத்தும் விளங்கித் தோன்றுகிறது.",False
2068,கணவனையல்லாது மகளிர்க்கு உயிர்த்துணை வேறில்லை என்றொழுகும் பாரத சமுதாயத்தின் கற்பு நெறிக்குச் சீதையின் குணநலங்கள் சான்று பகர்கின்றன.,False
2069,"கங்கை பாயும் வடபுலத்து நிகழ்ச்சியாயினும், இராமாயணம் இரண்டாயிரமாண்டுகட்கு முன்பே, அதாவது சங்க காலத்தேயே தமிழ் மக்களுக்கு நன்கு தெரிந்திருந்தது.",False
2070,"இவ்வாறே சீவக சிந்தாமணி, பெருங்கதை என்ற பெருநூல்களும் ஞானசம்பந்தர் முதலியோருடைய தேவாரத் திருமறைகளும் இராமாயணக் குறிப்புக்களை நிரம்பக் கொண்டுள்ளன.",False
2071,"நம்மாழ்வார் முதலியோர், கற்பார் இராமபிரானையல்லாமல் மற்றும் கற்பரோ, என்கின்றனர்.",False
2072,இதனால் இராமாயணத்தில் தமிழ் மக்கட்கு இருந்த ஆர்வ மிகுதியை நன்கு காணலாம்.,False
2073,"இராமாயணத்தை அடுத்து நிற்கும் பாரதத்தை இதிகாசம் என்றும், ஐந்தாம் வேதம் என்றும் கூறுவர்.",False
2074,"அப்போரைக் கூறுவதால் இது, பாரதம் எனப் பெயர் கொண்டது.",False
2075,பாரதம் என்ற சொல்லும் பாணினி இலக்கணப்படி இப்பொருளே தருகிறது.,False
2076,இப்பாரதத்தை முதலில் நூல் வடிவில் வடமொழியில் எழுதியவர் வியாசர்.,False
2077,"இது உசனகவி என்ற யோக வியாசரால் பாரத சூத்திரமாய்த் தோன்றி, பார்க்கவ வியாசரால் பாரதமாயிற்று.",False
2078,மாபாரதம் பதினெட்டுப் பருவங்களை யுடையது.,False
2079,"முதலாவதான ஆதிபருவம், பாண்டவ கௌரவர்களின் குலமுறை வரலாறும், அவர்களின் பிறப்பு வளர்ப்பும் பிறவும் கூறுகிறது.",False
2080,கண்ணபிரான் திருமாலின் அவதாரமாகக் கருதப்படுகிறான்.,False
2081,"தான் ஒரு பேரரசனாக இருந்தும், அருச்னனுக்குத் தேரோட்டியான எளிமையால் பெருமை எய்துகிறான்.",False
2082,"அதனை வியந்தே,வில்லி புத்தூரர்.",False
2083,"விதுரனை, ஞான கஞ்சுக விதுரன் எனப் பாராட்டுவர்.",False
2084,பாண்டவர் மனைவியாகிய துரோபதையின் மாண்பு பெருமை வாய்ந்தது.,False
2085,பாரதத்தை ஐந்து தொகுதிகளாக பக்கங்களில் ஆராய்ச்சி புரிந்த ..,False
2086,பாரதத்தின் பெருமைக்குப் பேரிலக்காக நிற்பது பகவத் கீதை.,False
2087,"அது பாரதத்தின் ஒரு பகுதியா, தனி நூலா என்ற ஆராய்ச்சி இன்றுவரை முடிவாகவில்லை.",False
2088,"வைசம்பாயனரால் தொகுக்கப்பட்ட மாபாரதத்திலிருந்து, சுத்த தரும மண்டலத்தாரால் முதன் முதலிற் பகவத் கீதை தனி நூலாக வெளியிடப்பட்டது என்பர்.",False
2089,"அதனைச் சங்கரர், இராமானுசர் முதலிய சான்றோர் பலரும் பாராட்டி விரிவுரை கண்டிருக்கின்றனர்.",False
2090,இவற்றில் காணப்படும் அகலிகை வரலாற்றைத் திருப்பரங் குன்றத்து ஓவியங்களிலமைத்துச் சங்ககால மக்கள் இன்புற்றனர் என்று பரிபாடல் கூறுகிறது.,False
2091,இதிகாசம் உரைத்த கதைகள் பல மாமல்லபுரக் கற்கோயிலில் காட்சி தருகின்றன.,False
2092,"பாரத இராமாயண வீரர்களின் பெயரைத் தாம்பெற்ற மக்கட்கு இட்டு இன்புறுவது, பாரத நாடு முழுதும் பொது இயல்பாக இருக்கிறது.",False
2093,"புத்தார், சயினர் இடையிலும் இவை போற்றப் பட்டுள்ளன.",False
2094,இவ்வகையில் பாரத சமுதாயத்தின் ஒருமைப் பாட்டு வளர்ச்சிக்கு இந்த இதிகாசங்கள் செய்திருக்கும் தொண்டு அளப்பரியது.,False
2095,இவை மாநிலத்துப் பல்லாண்டு மருவி வாழ்க என வாழ்த்தி அமைகின்றேன்.,False
2096,செந்தமிழ்ச் செல்வி .,False
2097,சுப்பையா பிள்ளையவர்கள் ஒரு கடிதம் விடுத்தார்கள்.,False
2098,அதன் உள்ளுறை.,False
2099,"மதிமண்டலம் சென்றடைந்த விண்வெளிவீரர், மக்களினம் இன்றுவரையும் செய்யாத அருஞ்செயலைச் செய்து வெற்றிகண்டுள்ளனர்.",False
2100,அதனை என் நண்பர் ஒருவர்க்குக் காட்டினேன்.,False
2101,வியப்பு மிகுந்த அவர் இது செய்யத்தக்க சிறப்புடைய இன்றியமையாத செயல் என்று தமது இசைவைத் தெரிவித்தார்.,False
2102,"பின்பு, செய்தித்தாள், ஆந்திர நாட்டுப் பத்திரசாலத்தில் விண்வெளி வீரர்களின் வீறு நினைந்து இறைவனை வழிபட்ட செய்தியைக் கொணர்ந்தது.",False
2103,"இது கண்டதும், அந்த நண்பர் விரைந்து ஓடிவந்து, திரு.",False
2104,பிள்ளையவர்களின் எண்ணத்தின் உயர்வையும் விஞ்ஞான அறிவில் அவர்க்கிருக்கும் ஆர்வத்தையும் வியந்து புகழ்ந்தார்.,False
2105,"அந்நிலையில் அவர் கண்ணீர் துளிக்க, வாயிதழ் துடிக்க, தழு தழுத்த குரலுடன், தமிழகமே!",False
2106,ஈழநாட்டுமக்களின் எழுச்சியையும் ஆர்வத்தையும் எடுத்துரைத்துப் பாராட்டினார்.,False
2107,அவன் கலங்கா நல்லிசை என வாழ்த்துக்குரிய தாகவும் போற்றினான் பழந்தமிழன்.,False
2108,என்றொரு வினாவை எழுப்பினார்!,False
2109,விஞ்ஞான அறிவின் மெய்ம்மை காணாத சிறுமை என்று விடை வந்தது.,False
2110,விஞ்ஞானம் என்பது யாது?,False
2111,பொருள்களைக் கண்டும் கேட்டும் உண்டும் உயிர்த்தும் உற்றும் பெறும் அறிவு இயற்கையறிவு.,False
2112,"பொருள்களின் அமைப்பையும் அவற்றின் ஆக்கக் கூறுகளையும் நோக்கி, அவை எப்படி அமைந்துள்ளன?",False
2113,எம்முறையில் ஆகியுள்ளன?,False
2114,என அறிவது விஞ்ஞானம்.,False
2115,"வயஞானம், விஞ்ஞானம் என்ற இரண்டும்,பொதுவானஇயற்கையானஇயல்ஞானத்தினை அடிப்படையாகக் கொண்டு வளர்பவை.",False
2116,இளஞ்சிறுவர்களின் உள்ளத்தே இந்த இயல் ஞானம் தன்னியல்பில் ஆர்வ வடிவில்விழைவு வடிவில்இயங்குகிறது.,False
2117,"அவர்கள் எப்பொருளைக் காணினும் விழைவுணர்வால் உந்தப்பட்டு, ஆர்வத்தோடு கண்டு கேட்டு உண்டுயிர்த்து உற்றறிய முற்படு கின்றனர்.",False
2118,"இந்த அறிவை எத்துணையளவு ஊக்கி வளர்க்கின்றோமோ, அத்துணையளவு வயஞானமும் விஞ்ஞானமும் நாட்டில் பெருகும்.",False
2119,விஞ்ஞானம் இம்மையுலகில் பொருளின்ப வாழ்வு பெறவும் வயஞானம் அம்மை வாழ்வில் அருளின்ப வாழ்வு பெறவும் நன்கு அமைந்தவை.,False
2120,சிந்தித்தால் இவ்வுண்மைகள் விளக்கமுறும்.,False
2121,"இந்த விஞ்ஞானம், மக்களின் உள்ளத்தில் இளமையில், இந்த வானம் எவ்வளவு உயரத்தில் இருக்கிறது?",False
2122,மேலே எறிந்த கல் ஏன் நிலத்தில் விழுகிறது? என்பன போன்ற கேள்வி வடிவில் இயல் ஞானத்தில் முளைக்கிறது.,False
2123,இது விலக்கமுடியாதது விலக்கக் கூடாததுமாகும்.,False
2124,நமக்கு இரண்டும் தெரியாமல் போனது குற்றம்.,False
2125,உரைத்தும் என்?,False
2126,ஆண்டுகள் உருண்டனவேயன்றி அக்கருத்துக்கள் அறிவில் தோயவில்லை சிந்தையில் ஞானக் கண்ணினில்சிறந்து படியவில்லை.,False
2127,அந்நாளில் மற்றொரு கருத்தும் மக்கள் உள்ளத்தில் மாண்புடன் விளங்கி யிருந்தது.,False
2128,"மேலும், இது மக்களி னத்தின் மனத்தை விட்டு என்றும் நீங்கின தாகவும் தெரியவில்லை.",False
2129,உலக முழுதும் இந்த நன்னம்பிக்கை இருந்திருக்கிறது.,False
2130,இதனால்தான் ஓரிடத்தில் இன்றேனும் பிறவிடங்களில் விஞ்ஞானம் வளர்ந்து வந்துள்ளது.,False
2131,மொழிக்கு இலக்கணம் கண்டு உரைக்கும் மூத்த அறிஞர் போல விஞ்ஞானிகளும் சில உத்திகளை மேற்கொண்டுள்ளனர்.,False
2132,"இலக்கணங்கள் கூறும் உத்திகள் போலப் பலவாகாமல், மூன்று உத்திகளே விஞ்ஞானப் பேற்றுக்கு வேண்டப்படுகின்றன.",False
2133,"முதலாவது தொகுத்தல், இஃது இலக்கண நூல்களிலும் உள்ளது அங்கே தொகுத்துக் கூறல் எனப்படுகிறது.",False
2134,"விஞ்ஞானம் செயல்மேல் இருப்பதாகலின், இதனைத் தொகுத்தல் எனச் சொல்லி விடுகிறது.",False
2135,விரிந்து பரந்து கிடக்கும் உலகியற் பொருள்களை நேரிற் கண்டு தொகுப்பது முதலாவது செயலாகும்.,False
2136,இரண்டாவது வகுத்தல் கண்டகாட்சிப் பொருள்களை இனம் இனமாக வகுப்பது இலக்கணவுத்திகளில் இது வகுத்து மெய்ந் நிறுத்தல் எனப்படுகிறது.,False
2137,இவ்வாறு வகுப்பதால் பொருள்களின் பண்பும் தொழிலும் மாற்றமடையா.,False
2138,"சீட்டாட்டத்தில் இனமான சீட்டுகளை மதிப்புக் கேற்ப வகுத்துக் கையில் தாங்குவதுபோல, இவ்வகுத்தல் ஆராய்ச்சிக்கு அமைந்திருக்கிறது என விஞ்ஞானிகள் கொள்கின்றனர்.",False
2139,மூன்றாவது மெய்ம்மை துணிதல்.,False
2140,வகுத்துக் கொள்ளப்பட்ட பொருள்களிடையே அமைந்து கிடக்கும் பொதுப்பண்பைத் துணிந்து கொள்வதாகும்.,False
2141,பொருள் வகை அனைத்தினும் ஒன்றிய மெய்ம்மையாதலால் இதனை இறுதியாகக் கொள்கின்றனர் விஞ்ஞானிகள்.,False
2142,"சில சட்ட விதி வரம்புகளை வைத்துக் கொண்டு, வழக்குகளை அவற்றுள் அடக்குதற்காக வாதம் புரிய வேண்டிய சூழ்நிலையை உண்டுபண்ணிற்று.",False
2143,"இதனை வழக்குரைத்து முடிவு செய்யும் நீதிமன்றங்களிலும், இலக்கண இலக்கிய சமய நூலுரை களிலும் மிகவும் விளங்குவது காணலாம்.",False
2144,இம்முறை காண்பதற்கு இன்பமாகவே தோன்றும் அறிவியல் விளையாட்டாகவே இது கருத நிற்கிறது.,False
2145,இத்துறையில் பண்டை நாளில் நம்நாட்டு அறிஞர்கள் பேரூக்கங்கொண்டு பிறங்கினர்.,False
2146,பழைய உரைகாரர்களான சேனா வரையரும் பரிமேலழகரும் நச்சினார்க்கினியரும் சிவஞான முனிவரும் சிறந்த எடுத்துக்காட்டுக்களாவர்.,False
2147,இந்த முறையில் ஆராய்ச்சிக் கல்வியில் சில குறைபாடுகள் தோன்றலாயின.,False
2148,அவர்கள் சூழலில் நிலவிய விதிவரம்புகளை அறிவதும் அவற்றிற்குரிய கொள்கைகளையும் நூற்பொருள்களையும் கற்பதுமே மெய்யான ஞானப் பேறாகிவிட்டது.,False
2149,பண்டையோர் இதற்கே ஏற்றமளித்தனர்.,False
2150,இந்நூற்பொருள்களும் கொள்கைகளும் நுண்ணிய ஆராய்ச்சியின் விளைவாக இருக்கலாம் அவற்றை வழங்கியோரும் நுண்மாண் நுழைபுலச் செல்வர்களாக விளங்கலாம்.,False
2151,"ஆயினும், அவர்களது நூலறிவு பின்தொடரும் மக்களது அறிவுப் பேற்றுக்கு ஓர் எல்லையை வரையறுத்துவிட்டது.",False
2152,"இரண்டாவதாக, இக்கருத்து, ஏறிய ஏணியை மேலே சென்றபின் உதைத்துத் தள்ளும் சிறு செயலாகும் குற்றத்துக்கு உள்ளாக்கிற்று.",False
2153,அவர்களின் ஞானத்துக்கு வாயிலாக இருந்த உலகியலை வெறுத்து இகழ்ந்துரைப்பாராயினர் உலகியலறிவு நிலையாமையும் பொய்ம் மையும் உடையது என ஒதுக்கினர்.,False
2154,"இறைவன், காணப்படும் உலகின்கண் ஒன்றாயும் உடனாயும் கலந்து உயிர்களாகிய நம்மை வாழச்செய்து உய்தி பெறுவிக்கின்றான் என்பதையும் மறந்தனர்.",False
2155,இதுபோன்ற கருத்தே கிரேக்க அறிஞரிடையேயும் இருந்தது.,False
2156,நாட்டில் வாழ்ந்த கல்வியாளரும் அவற்றை எழுதாமையைக் குற்றமெனக் கூறவில்லை.,False
2157,அதனால் அவற்றை ஆதரிக்கும் உள்ளம் மக்களிடையே தோன்றவில்லை.,False
2158,இதே நிலைதான் முன்னாளைய கிரேக்கரிடமும் பொருந்தியிருந்தது.,False
2159,விஞ்ஞானத் துறைக்குரிய அடிப்படைக் கருத்துக்களைக் கண்டாய்ந்து உரைத்தவர் சைரப்கூசு என்னும் ஊரவரான ஆர்க்கிமிடீசு என்ற அறிஞர்.,False
2160,தாம் கண்ட உண்மையை அறிதற்கு மேற்கொண்ட செய்ம்முறையை எழுத மறுத்துவிட்டார்.,False
2161,மற்றொரு குறையும் அவர்கள் பால் இருந்தது.,False
2162,முன்னோர் மொழிபொருளேயன்றி அவர் மொழியும் பொன்னேபோல் போற்றுவம் என்பது அவர்களுடைய கொள்கைகளில் ஒன்று.,False
2163,முன்னோர் வகுத்துரைத்த கொள்கைகளும் கருத்துக்களும் சிறந்த நிலைபெற்ற உண்மைகள்.,False
2164,அவை ஒரு காலத்தும் பொய்படா.,False
2165,எல்லா அறிவும் அவற்றால் பெறப்படும் என்றே நம்பினர்.,False
2166,இக்கருத்தே தோன்றச் சிதைவில என்ப முதல்வன் கண்ணே என்று தொல்காப்பியர் கூறுவர்.,False
2167,"மேலும் அவர் என்ப என்பதனால், அவர்க்கு முன்னால் காலத்தேயே இக்கொள்கை தோன்றி நிலவிற்றென அறிகின்றோம்.",False
2168,இதுவே கிரேக்க நாட்டு அறிஞரிடையே இருந்தது.,False
2169,"அவர்கள், காணப்படும் உலகப் பரப்பில் நிலவுலகு ஒன்றுமே இயக்கமும் சுழற்சியுமின்றி விரிந்து பரந்து கிடப்பது.",False
2170,ஏனை நாளும் கோளும் நிலவுலகை மையமாகக் கொண்டு சுற்றிவந்தன வருகின்றன என்பது அவர்கள் கொண்டிருந்த கொள்கைகளில் ஒன்று.,False
2171,என்றும் மாறாத உண்மைகள் எனவும் எண்ணி மேற்கொண்டிருந்தனர்.,False
2172,மேலைநாட்டு வரலாற்றில் புத்துணர்ச்சியும் புரட்சியும் தோன்றியபோது மக்களிடையே மேற்கண்ட கொள்கைகட்கு நேர்மாறான உணர்ச்சிகள் தோன்றி மலரத் தலைப்பட்டன.,False
2173,அரியகற்று ஆசற்றார் கண்ணும் தெரியுங்கால் இன்மை அரிதே வெளிறு என்று திருவள்ளுவரும் கூறினர்.,False
2174,இது நமக்கு இன்று இயல்பாய்விட்டது முற்காலத்திலும் இடைக் காலத்திலும் வாழ்ந்து விளங்கிய ஞானிகட்கு முறையாகத் தோன்றவில்லை.,False
2175,தாம் கண்டு தெளிந்த உண்மைகளைப் பிறர்க்குக் காட்டாமல் மறைத்தே ஒழுகினர்.,False
2176,கிரேக்க ஞானிகள் இதற்கு விலக்கல்லர்.,False
2177,பைதாகரசு முதலியோர் இவ்வாறு மறைத்தொழுகிய மாந்தராவர்.,False
2178,"அது கண்டு மனம் வெதும்பிய தார்த்தாகிலியா தெளிவெய்திய போது, இது காணப் பட்டவுடன் வெளியிடப் பட்டிருக்க வேண்டும்.",False
2179,இது போன்றவை அவ்வப்போது பிறர் அறிய வெளியாதல் நன்று என்று கூறினார்.,False
2180,விஞ்ஞானம் ஒருவரது உடைமையன்று விஞ்ஞானிகளின் கூட்டியக்கம்.,False
2181,இல் இலண்டன் ராயல் சொசைட்டி என்ற கழகம் தோன்றி கி.பி. இல் இரண்டாம் சார்லஸ் மன்னரின் ஆதரவு பெற்றது.,False
2182,அது கண்டு சிலர் அஞ்சி நீங்குவர்.,False
2183,"இந்த மாறுதல் ஐசக் நியூட்டன், இக்கழக்கத்தின் உறுப்பின ரானபோது ஏற்பட்டது.",False
2184,விஞ்ஞானத்தின் விளைப்பயனை நோக்க இஃது ஒரு குற்றமாகாது.,False
2185,நாட்கள் செல்லச் செல்ல விஞ்ஞானத்தின் எல்லை மிக்க விரிவடைந்தது.,False
2186,வழிவழியாக வந்த விஞ்ஞானி களால் ஒவ்வொன்றும் புலமை வளம் பெருகி விரிந்து செல்கிறது.,False
2187,அவர்களது புலமை நலம் கண்டு வியந்து பாராட்டுவது ஒருபுறம் இருக்க நெஞ்சில்அச்சம் மிகுந்தனர் இளைஞருட் சிலர் அஞ்சி யோடினர்.,False
2188,அஃது ஒரு காலம்.,False
2189,விஞ்ஞானிகள் இந்த நிலையைக் கண்டு கருத்து மாறலுற்றனர்.,False
2190,தமது ஆராய்ச்சியறிவும் அதனால் விளையும் பயனும் எதிர்காலப் பெருமக்களான இளைஞர் உலகை நோக்கி யிருப்பதை உணர்ந்தனர்.,False
2191,நாங்கள் உங்கள் நிலைக்கு இறங்குவதை விட நீங்கள் உயர்வது நல்லது என அறங்கூறவும் சிலர் முற்பட்டனர்.,False
2192,இந்நிலையில் மக்களிடையே விஞ்ஞானத்தை அறிதற்கு இளைஞர் உள்ளத்தில் விழைவும் ஆர்வமும் பெருகின.,False
2193,கல்வியாளர் கூட்டங்களில் இதனை ஒட்டியும் வெட்டியும் பேசுவோர் மிகுந்தனர்.,False
2194,துள்ளி வீழ்ந்து சுழன்று கலங்கும் நீர் பின்னர்த் தெளிவது போல விஞ்ஞானக் கல்வியாளர் குழுவில் தெளிவு பிறந்தது.,False
2195,விஞ்ஞானக் கருவிகளை இன்று எல்லா மக்களும் வேற்றுமையின்றிக் கையாளுகின்றார்கள்.,False
2196,"அவர்களை அறியாமை இருளில் அழுத்துவது கொடுமையாகும், என்கிறார் ஐசக் ஆசிமோவ்.",False
2197,வாழ்க விஞ்ஞானம் வளர்க விஞ்ஞானிகள்.,False
2198,செந்தமிழ்ச் செல்வி .,False
2199,எழில் உருவம் திரு.,False
2200,அவர்களின் மறைவு தமிழ்ப் புலமைப் செல்வர் ஒருவரது மறைவாகும்.,False
2201,தமிழ் இலக்கிய உலகில் நம் திரு.,False
2202,வி.க.சிறு சிறு வாக்கியங் களால் திருந்திய கருத்துக்களை அழுத்தம் திருத்தமாக எழுதும் புதுமுறை எழுத்து நடை கண்டவர்.,False
2203,எழுத்து நடையில் திரு.வி.க.,False
2204,நடையென்ற ஒரு சிறப்பு நடையும் நிலவுகிறது.,False
2205,"மனிதவாழ்க்கையும் காந்தியடிகளும் பெண்ணின் பெருமை, முருகன் அல்லது அழகு முதலிய நூல்கள் பயிலுந்தோறும் இன்பவொளி வீசி நிற்கின்றன.",False
2206,திரு.வி.க.பேசவருகிறார் என்றால் ஆண்களும் பெண்களுமாக மக்கள் திரண்டு விடுவர்.,False
2207,சமயவுலகில் திரு.வி.க.,False
2208,ஒரு தனித்துறவியாக விளங்கினார்.,False
2209,அவர் சமயக்கண்முன் குறுகிய நோக்கங்களும் பொருளற்ற கட்டுப் பாடுகளும் எதிர்நிற்பதில்லை.,False
2210,சைவசமயத் திருமுறைகளில் பேரிடம் பெறும் திருத்தொண்டர் புராணத்துக்கு அவர் பொறித்துள்ள முன்னுரையும் கருத்துரையும் அவரது விரிந்த உரையறிவை எடுத்துக்காட்டுவனவாகும்.,False
2211,"சமுதாய உலகில் தொழிலாளர் இயக்கம், பெண்ணுரிமை இயக்கம், சமதரும இயக்கம் ஆகியவை திரு.",False
2212,வி.கவின் பேராதரவு பெற்றவையாகும்.,False
2213,"எளிமையில் அருமையும் பணிவில் பெருமையும், வறுமையில் செம்மையும் திரு.வி.கவின் உருவில் திகழ்ந்து நின்றன.",False
2214,வெள்ளிய கதராடையுடுத்து நெற்றியிற் சந்தன மிலங்க மெல்ல நடந்துவரும் அவருடைய மேதக்க திருவுடல் மறைந்தது.,False
2215,மென்னகை தவழும் முறுவல் மறைந்தது.,False
2216,மெல்லிய தமிழ் ஒழுகும் பேச்சிடையே இடதுகையெழுந்து எண்ணத்தைக் காட்டும் திரு.வி.க.வின் எழில் உருவம் மறைந்தது.,False
2217,எல்லாம் மறையினும் அவருடைய எழுத்தும் பேச்சும் எம்முடைய நெஞ்சைவிட்டு மறையா.,False
2218,"அவர்க்கென அவர் நினைவுக்கென, இன்றைய தமிழறிஞர்கள் மண்டபம் நிறுவ முயல்கின்றனர்.",False
2219,அம்முயற்சி இனிது நிறை வெய்துக.,False
2220,செந்தமிழ்ச் செல்வி .,False
2221,பண்டிதமணியின் மாண்பு முதுபெரும்புலவர் மகாமகோபாத்தியாய பண்டிதமணி மு.,False
2222,கதிரேசன் செட்டியார் அவர்கள் இந்த நூற்றாண்டில் சிறந்து விளங்கிய புலவர் பெருமக்களுள் தலைமையிடம் பெற்றுத் திகழ்ந்தவர்.,False
2223,தமது தனியுழைப்பு ஒன்றாலே உயர்ந்த பெரியவர்.,False
2224,சான்றோர் பாராட்டும் தகவுடைப்புலமை எய்தியதும் பண்டிதமணியவர்கள் தாம் பயின்ற வடமொழிக்கண் சிறந்து நிலவிய நூல்களுள் சுக்கிரநீதியைத் தமிழில் மொழிபெயர்த்தார்கள்.,False
2225,"அதன்பின்சுலோசனா, மிருச்சகடிகம், உதயணகாவியம் ஆகியவற்றை இனிய தமிழில் மொழிபெயர்த்தார்கள்.",False
2226,பண்டிதமணியவர்கட்கு முன்னோரும் பின்னோருமாகப் பலர் தோன்றி வடமொழிநூல்கள் மொழிபெயர்த்தோர் உண்டு.,False
2227,அவர் பலரும் தமிழில் நிரம்பிய புலமையில்லாக் குறையால் கற்பவர் விரும்பத்தக்க நிலையில் அம்மொழிபெயர்ப்புக்களைச் செய்யும் திறம் குன்றினர்.,False
2228,பண்டித மணியின் மொழிபெயர்ப்புக்கள் முதனூலினும் சிறந்த சொன்னலமும் பொருள்வனப்பும்கொண்டு சிறப்புற்றன.,False
2229,"சுக்கிரநீதி, மிருச்சகடிகம் மண்ணியல் சிறுதேர் என்ற இரண்டன்மொழிபெயர்ப்புக்கள் அச்சாகி வெளிவந்துள்ளன.",False
2230,சன்மார்க்க சங்க நிகழ்ச்சிகளில் தமிழகத்தில் சிறந்து விளங்கிய தமிழ்ச்சான்றோர் பலரும் கலந்து இன்புறுவது வழக்கம்.,False
2231,இப் புலவர்பெருமக்கள் பண்டிதமணியவர்களின் புலமை நலத்தை வியந்து தம்மிற்கலந்து நல்கிய சிறப்புத்தான் பண்டிதமணியென்னும் பட்டம்.,False
2232,பண்டிதமணி யவர்களின் பெரும் புலமைநலத்தை நேரிற் கண்டு வியந்து பாராட்டி இன்புற்ற தஞ்சைக் கரந்தைத்தமிழ்ச் சங்கத் தலைவர் த.வே.,False
2233,உமாமகேசுவரன்பிள்ளை அவர்கள் வாயிலாக அண்ணாமலைப் பல்கலைக்கழகத்தார் பண்டிதமணியவர்களின் புலமைச் சிறப்புணர்ந்து பல்கலைக்கழகத்திற் பேராசிரியராகக் கொண்டு பெருமை யெய்தினர்.,False
2234,அக்காலத்தே அவரது புலமை விளக்கத்தை யறிந்து இந்திய அரசியலார் அவர்க்கு மகாமகோபாத் தியாயர் என்ற சிறப்புப் பெயர் தந்தனர்.,False
2235,அவருடைய சொற்பொழிவு எளியநடையில் அரிய கருத்துக்களை இலேசாக உரைக்கும் இயல்பினதாகும்.,False
2236,"பண்டிதமணியவர்கள் ஒரு கூட்டத்தில் தலைமை தாங்குகின்றார்கள் என்றால், சொற்பொழிவாளர் பலரும் மிக்க விழிப்புடன் தமது பணியை ஆற்ற முற்படுவர்.",False
2237,"சொற்பொழிவில் பொறுக்குமளவினும் மிக்க அளவில் குற்றம் நிகழின்,அவற்றைக் கண்ணோட்டமின்றி எடுத்துக் காட்டுவதில் பண்டிதமணியவர்கள் பின்வாங்கு வதில்லை.",False
2238,ஒருகால் அதுபற்றி அவரோடு சொல்லாட நேர்ந்தபோது அவர்கள் சொன்ன கருத்து மிக்க வியப்பை அளித்தது.,False
2239,"அவர் சொன்னது ஒருவன் ஒரு பொருள்பற்றிச் சொற்பொழிவு செய்யவருகின்றான் என்றால், அவனுக்காகப் பலரும் தமது காலத்தை ஒதுக்கிக்கொண்டுவருவர்.",False
2240,அக்காலம் அவர்களது வாழ்நாளின் ஒருகூறு அது கழிந்தால் மீளப்பெறலாகாதது.,False
2241,எல்லோரும் கை கொட்டி அமைச்சரின் அறிவுரையைப் பாராட்டினர்.,False
2242,இவ்வுலகில் கடவுளுக்கும் காதலுக்கும் மேலாக எப்பொருள் இருக்கிறது?,False
2243,"இந்த வகையில் தமிழ்ப் புலவர்கள் மாத்திரமல்ல, இங்கிலீஷ் புலவர்களும் அரசியல் நிபுணர்களும் எல்லாரும் ஒன்றுதான்.",False
2244,இந்த அறியாதவர் கூட்டத்தில் அமைச்சர் விலக்கல்ல என்று கூறினார்கள்..,False
2245,எல்லோரும் பண்டிதமணியவர்களின் நுண்மாண் புலமையைப் பாராட்டிப் பரவினர்.,False
2246,திருவாசகத்துக்கு உரைகாண்பது என்பது நெடுங்காலமாகத் தமிழறிஞர்கள் உலகில் பேரச்சத்தை விளைத்துக் கொண்டிருந்தது.,False
2247,பின்னர் அறிஞர் சிலர் தோன்றி உரையெழுதி வெளியிட முற்பட்டனர்.,False
2248,அவ்வுரைகளுள் மறைமலையடிகள் முதல் நான்குபகுதிகட்கு எழுதியவுரை கற்றோரிடையே செல்வாக்குப் பெறுவதாயிற்று.,False
2249,"ஏனைப் பகுதிகட்கு அவர் உரைவாராதாகவே, திரு.கா.சு.",False
2250,பிள்ளைய வர்கள் திருவாசக முழுதிற்கும் உரைகண்டு வெளியிட்டார்.,False
2251,அவ்வுரைக்குத் துணையாக அறிஞர் சிலர் உரைவகுத்து அளித்தனர்.,False
2252,இந்நிலையில் பண்டிதமணியின் திருவாசகச் சொற்பொழிவுகளின் நயங்கண்டு வியந்த அறிஞர் அவரையே திருவாசகத்துக்கு உரையெழுதுமாறு வேண்டினர்.,False
2253,அடுத்துள்ள திருவம்மானையில் முதல் மூன்று செய்யுட்களுக்கு ஒருவகையாக உரையெழுதி முடித்தற்குள் அவர்கள் இம்மண்ணுலக வாழ்வைத் துறந்து சென்றார்கள்.,False
2254,திருவாசக முழுதுக்கும் உரை நிரம்புதற்குள் பண்டிதமணி மறைந்தது சைவத் தமிழுலகின் தவக்குறையென்று சொல்லவேண்டும்.,False
2255,"தமிழ், நம் தமிழ்நாட்டில் அரசியல் மொழியாதல் வேண்டும் அரசியல் அவைகளிலும் நீதிமன்றங்களிலும் தமிழ்மொழியே இடம்பெறல் வேண்டும்.",False
2256,உயர்கலைகள் பலவும் தமிழிலே கற்பிக்கவும் எழுதவும்பட வேண்டும் என்பனபோன்ற கருத்துக்களை நம் பண்டிதமணியவர்கள் அடிக்கடி கூறிவந்தனர்.,False
2257,இன்னாதம்ம உலகம்!,False
2258,செந்தமிழ்ச் செல்வி .,False
2259,"சித்தாந்தப் பேராசிரியர் தூத்துக்குடி சித்தாந்தப் பேராசிரியர், ந.",False
2260,சிவகுருநாதப் பிள்ளை அவர்கள் மறைந்தார்கள் என்ற செய்தி இன்று பரவுகின்றது.,False
2261,சின்னாட்குமுன் திரு.வி.க.,False
2262,மறைந்தார் அவர்க்குப்பின் மகாமகோ பாத்தியாய பண்டிதமணி மறைந்தார் என்ற செய்தி இடிபோல் வந்தது.,False
2263,பழுத்த சமய வாழ்வும் முழுத்த கேள்வியும் உடைய பெரியவர்கள் ஒருவர்பின் ஒருவராக மறைகின்றனரே!,False
2264,இஃது என்னையோ?,False
2265,தமிழ்க்கு வரம்பாகிய தக்கோரும் சைவவரம்பாகிய மிக்கோரும் இவ்வாறு மறையின் தமிழும் சைவமும் வாழ்க என வாழ்த்துவது என்னாவது?,False
2266,உள்ளம் வேதனை தானே எய்துகின்றது?,False
2267,"தமிழ்மடந் தைக்குச் சென்னை திருமுடியும், செட்டி நாடு திருமார்பும், தென்பாண்டிநாடு திருவடியும் போல்வன.",False
2268,"அவர்களது மறைவு, தமிழன்னை முடிமணியும் மார்பணியும் சிலம்பணியும் கெடுத்து வருந்தும் கீழ்நிலையைக் காட்டி நினைக்கும் உள்ளத்தை நீராய் உருக்குகின்றது.",False
2269,கையறு நிலை .,False
2270,சித்தியுரை தெளிப்பார்யார்?,False
2271,திருவந்தி விரிப்பார்யார்?,False
2272,அத்துவிதப் பொருளதனை அகலவுரைத் திடுவார்யார்?,False
2273,அத்துவா ஆறனையும் அணிதிகழ அறைவார்யார்?,False
2274,மெத்துசிவ குருநாத மேதக்கோய் மறைந்தாயே!,False
2275,செந்தமிழ்ச் செல்வி .,False
2276,கரந்தைக்கவியரசு மறைவு கரந்தைக்கவியரசு திரு..,False
2277,வேங்கடாசலம்பிள்ளை அவர்கள் மறைந்தசெய்தி தமிழகத்துக்கு இவ்வாண்டில் உண்டான இழப்புகளில் ஒன்று.,False
2278,இனிய தமிழ்க்கவி செய்ய வல்ல இனிய புலவரைத் தமிழன்னை இழந்து வருந்துகிறாள்.,False
2279,யாங்கள் எங்கள் ஆசிரியரை இழந்தோம்.,False
2280,கண்டர் கோட்டை எனப்படும் கந்தருவக் கோட்டைக்கு அண்மையில் உள்ள மோகனூர் கவியரசர் தோன்றிய நல்ல ஊர்.,False
2281,தமிழ்ப்புலமை நலம் சிறந்த பழங்குடி அவரது உயர்ந்த குடி.,False
2282,அவரது தமிழ்வாழ்வு கரந்தைத் தமிழ்ச்சங்கத்தோடு இணைந்து விளங்குவது.,False
2283,சங்கத்தின் வாழ்வும் அவரது வாழ்வும் ஒன்றுபட்டவையாகும்.,False
2284,"தஞ்சைத் தமிழவேள் த.வே.உமாமகேசுவரம்பிள்ளை அவர்கள் தலைமை தாங்க, கவியரசர் .வேங்கடாசலம்பிள்ளையவர்கள் அமைச்சராய்ச் செயலாற்றக் கரந்தைத் தமிழ்ச்சங்கம் சிறந்த.",False
2285,தமிழ்ப்பணி புரிந்து நாடெங்கும் நல்ல புகழ்பெற்று மேம்பட்டது.,False
2286,அதன் வெள்ளிவிழா விளக்கத்தால் வீறு பெற்றது அதன்பின்னர்ச் சங்கத்திற்குப் பொருள் சிறிது சேர்ந்தது கடமைகள் பெருகின.,False
2287,தமிழவேள் மறைந்தார் பொருள் வளம் சுருங்கிற்று செயலொளி குறைந்தது.,False
2288,கடுகு சிறுத்தாலும் காரம் போகாது என்றபடி பொருளளவு சிறுமையுற்றுப் பெரும்பணி ஆற்றி வருகிறது.,False
2289,பல ஆண்டுகள் தமிழ்ப் பேராசிரியராய் இருந்த தன் விளைவாக மிகப்பல சிறந்த தமிழ்ப் புலவர்கள் நாட்டில் தோன்றுவாராயினர்.,False
2290,கவியரசர் க.த.சங்க அமைச்சராய் இருந்தபோது தமிழ்ப் பொழில் என்னும் திங்கள்வெளியீடு தோன்றிற்று.,False
2291,அதன் இரண்டா மாண்டில் எனக்குத் தமிழ்ச்சங்கத் தொடர்ப்பு உண்டாயிற்று.,False
2292,சங்கக் கல்விநிலையத்தில் ஆசிரியர்பணியும் நூல் நிலையப்பணியும் புரியும்பேறு எனக்குக் கிடைத்தது.,False
2293,அக்காலைக் கவியரசர் எனக்குத் தமிழ் கற்பிக்கும் பேருதவியைச் செய்யலுற்றார்கள்.,False
2294,தொல்காப்பியச் சொல்லதிகாரத்திற்குத் தெய்வச் சிலையார் எழுதிய உரையை வெளியிடும் பணி வந்தது.,False
2295,"ஏடு படித்தலும், பெயர்த் தெழுதலும் என் பணியாயின.",False
2296,உரை நலங்களைப் படித்து முடித்தேன்.,False
2297,நூலும் வெளியாயிற்று.,False
2298,யானும் வடஆற்காடு மாவட்டத்தில் தமிழ்ப்பணி புரியும் செயல்மேற் கொண்டு சென்றேன்.,False
2299,"வேங்கடசாமிநாட்டார், பண்டிதமணி.",False
2300,"கதிரேசன் செட்டியார், எல்.உலகநாதபிள்ளை முதலியோர்களின் தொடர்பு எனக்கு எய்துவதாயிற்று.",False
2301,அவர்கள்பால் என்னைப் பற்றி அன்புரை வழங்கி ஆதரவுசெய்த கவியரசரின் கல்விநலத்தை இன்று நினைப்பினும் என் நெஞ்சு கரைந்துருகுகிறது.,False
2302,ஒருகால் திருக்காட்டுப்பள்ளிக்கு டாக்டர் உ.வே.சாமிநாதையர் வந்திருந்தபோது ஒருவர் தேட்கடியில் வருந்தி மருந்துண்டு தேறினார்.,False
2303,கடியும் கடுக்கிறதும் ஒன்றுதானே என்று நாட்டார் அவர்கள் கூற எல்லோரும் நகைத்தனர்.,False
2304,"அது எப்படி யெனத் தமிழவேள் ஐயரவர்களைக் கேட்க, அவர்கள் என்னை விடை கூறப் பணித்தார்கள்.",False
2305,"யான் கடியென்னும் உரிச்சொல் கடுக்கிறது எனத் திரிந்து வினையாயிற்று கடுத்தது காட்டும் முகம், என்றாற்போல என்றேன்.",False
2306,அப்போது ஐயரவர்கள் எனக்கு இலக்கணம் கற்பித்த கவியரசரைப் பாராட்டியது இப்போது என் நினைவுக்கு வருகிறது.,False
2307,அவரது பிரிவு என் அறிவைப் பேதுறுவிக் கின்றது.,False
2308,தெய்வச்சிலையார் உரை எழுதிய ஏட்டைத் திரு.,False
2309,இதைநினைவில் கொண்டிருந்து பண்டிதமணி யவர்கள் திரு.,False
2310,என் இனிய ஆசிரியர் அவர்களின் நலங்கள் பல நினைவுக்கு வருகின்றன.,False
2311,எதனை நினைப்பேன்!,False
2312,எதனை எழுதுவேன்!,False
2313,இவ்வாண்டு என் மனதுக்கு அமைதி நிலவாதவகையில் பல இழப்புக்களை நல்கிவிட்டது.,False
2314,பொதுநோக்கால் புகழ்பெருகிய திரு.,False
2315,இக் கொடுங்காலம் இப் பெருமக்களை மறைக்கலாம்.,False
2316,வேறே என்ன செய்ய முடியும்?,False
2317,அவர் தம் புகழ் பொன்றாது நிற்பது.,False
2318,"வாழ்க அவர் புகழ், வளர்க தமிழ்.",False
2319,செந்தமிழ்ச் செல்வி .,False
2320,வாணிக மந்திரம் வாணிகம் என்பது நமது நாட்டில் பொதுவாக யாவரும் செய்யக் கூடிய தொழில் என்று பலரும்கருதுகின்றனர்.,False
2321,"இதன் விளைவாகக் கற்றவர் அரசியல் வேலையாட் களாகவும், பணிபுரிபவர்களாகவும் அலுவலாளர் களாகவும் புகுந்து வாழ்க்கை நடத்துவாராயினர்.",False
2322,கல்லாதவர் பலரும் உழவு முதலிய தொழில்களை மேற்கொண்டனர்.,False
2323,சில இடங்களில் கயவர்களும் வஞ்சகர்களும் இதி பண்புடையவர்களும் சூதுபுரியும் தொழிலாகவும் பயன்பட்டது.,False
2324,ஒரு சிலர்க்குப் பொழுது போக்காகவும் பயன்பட்டது.,False
2325,"முப்பதாண்டு வாணிகம் செய்து வாழ்ந்தவரும் இல்லை, கெட்டவரும் இல்லை என்றொரு பழமொழியும் உலகில் நிலவுகின்றது.",False
2326,அவர்கட்கு மாத்திரம் நிலையாக நின்று இப்படி விழாக்கள் நடத்த இயலுகின்றது ஏன்?,False
2327,என்று நினைப்பது இல்லை.,False
2328,"விதி யென்றும், வினையென்றும், கருமம் என்றும் சொல்லிக் கொள்வது பெருவழக்கு.",False
2329,"அப்படியிருந்தும் மிகப்பலர் தெளிவில்லாமல் ஐயோ வினையே என்று அழுவதும், அதற்காக நவக்கிரகங்களுக்கு வழிபாடு செய்வதும் மேற்கொண்டு அவதிப்படு கின்றார்கள்.",False
2330,வணிகர் சமுதாததில் இந்த இழிவானநிலை எப்படி உண்டாயிற்று?,False
2331,ஏன் உண்டாயிற்று?,False
2332,என்பன போன்ற ஐயங்கள் இப்பொழுது எழுந்துள்ளன.,False
2333,அவற்றை ஆராய்ந்தால் அது பெரிய புதிர் பாரதமாய் விரியும்.,False
2334,வாணிகத்தின் கீழ்நிலைக்குக் காரணமாக ஒன்றைமாத்திரம் இப்போது தெளிவாகக் கூறலாம்.,False
2335,வாணிபம் ஒரு சூதாட்டம் என்று எவன் எக்காலத்தில் சொன்னானோ தெரியவில்லை.,False
2336,அந்தப் படுபாவியின் சொல்லால் நமது நாடு வாணிகவுலகில் மதிப்பிழந்து போயிற்று.,False
2337,வணிகரிடையே பொய்யும் வஞ்சனையும் மோசமும் இயற்கைப் பண்பாக அமைந்து விட்டன.,False
2338,தூயநிலையில் பொருளை விற்பதும் கிடைக்கச் செய்வதும் பாவம் என்று இந்நாளைய வணிகர்.,False
2339,உலகம் மறைவாகத் தனக்குள் நினைக்கிறது.,False
2340,"வஞ்சமும், மோசமுத் தானே வணிகர் வாயிலும் கையிலும் நிலவுகின்றன.",False
2341,"மக்களுக்குத் தேவையான பொருள்களுள் அரிசி, பருப்பு, புளி, மிளகு, மிளகாய்ப்பொடி முதலியன மிகவும் சிறந்தவை.",False
2342,"நமது நாட்டுக் கடைத்தெருவில் விற்கப்படும் அரிசி முதலியவைகளை ஆராய்ந்தால் கல்லும் மணலும் கலவாத அரிசியும், பருப்பும் கிடையாது.",False
2343,"புளியில் களிமண்ணையும், மிளகில் வேறு விதை களையும் மிளகாய்ப் பொடியில் செங்கற் பொடியையும் கலந்துவிடு கிறார்கள்.",False
2344,"நல்லெண்ணெயில் வேறு எண்ணெய்களைக் கலப்பதும், சீனியில் மணலைக் கலப்பதும், பாலில் நீரையும் வெண்ணெயில் மெழுகையும் கலப்பதும் இயல்பாகவுள்ளன.",False
2345,துணிக்கடையில் நடக்கும் மோசங்களுக்கு எல்லையில்லை.,False
2346,எட்டு முழம் துணி வாங்கினால் அது மீள அளக்கும்போது ஏழரை முழத்துக்கு மிகுவ தில்லை எழு முழச்சீலை யென்பான்!,False
2347,அளந்தால் அது ஆறரை கசமே யிருக்கும் ஆறு முழம் வேட்டி யென்பதை அளந்தால் அது ஐந்தரை முழந்தான் இருக்கும்.,False
2348,இவற்றை நாடோறும் காண்பதால் மக்கள் மனதில் வாணிகம்என்பது சூதும் வஞ்சனையும் கலந்ததொழில் என்ற கருத்து வேரூன்றிவிட்டது.,False
2349,"ஆதலால், அவர்கள் நடத்தும் அரசியலும் இதைத் தீங்கு என்று நினைக்கவோ, இத்தீங்கை ஒழித்துக்கட்டுவதற்கேற்ற நடவடிக்கை மேற்கொள்ளவோ முன்வர வில்லை.",False
2350,"ஒரு பொருளின் விலை அவர் ஒரு ரூபா என்பாரானால், வாங்குபவர் அதைச் சிறிதும் நம்பாமல் முக்கால்ரூபா அல்லவா?",False
2351,என்று கேட்பார்.,False
2352,தனது சொல்பொய்படுவதையோ அதனால் தனது நாணயம் பொதுமக்கள் முன்பு கெட்டு நிற்பதையோ அவர் நினைப்பதும் இல்லை உணருவதும் இல்லை.,False
2353,வட அமெரிக்காவில் இல்லினாய்ஸ் என்பது ஒரு மாகாணம் அங்கே சிகாகோ என்றெரு பெரிய நகரம் உளது.,False
2354,அந்நகரத்தில் ஒரு வாணிக நிலையம் சிறப்புடன் தொடங்கி வாணிகம் புரிந்துவந்தது.,False
2355,பலசெல்வர்கள் அதற்குப் பங்காளிகளாக இருந்தனர்.,False
2356,பங்காளிகளுக்கு மனவேதனை மிகுந்தது.,False
2357,முதலிலார்க்கு ஊதியம் இல்லை என்றாற்போல முதலுக்கே கேடு தோன்றத் தலைப்பட்டது.,False
2358,அப்போது அதன் பங்காளிகளில் ஒருவரான ஹர்பார்ட் டெயிலர் என்பவர் தலைமையில் அதனை ஒப்படைத்தனர்.,False
2359,டெயிலர் . முதல்வராய் சிறிது காலம் அதன் நடை முறைகளை நன்கு ஆராய்ந்தார்.,False
2360,தொழிலாளிகளின் சொற்களையும் செயல்களையும் ஊன்றி நோக்கினார்.,False
2361,விற்கப்படும் பொருள்களின் நலம் தீங்குகளை நன்றாகப் பார்வையிட்டார்.,False
2362,வாணிகத்தின் மதிப்புக்கும் நாணயத்துக்கும் மாசுஉண்டாக்கிய காரணங்களைக் கண்டார் அவற்றைப் போக்கும் துறையில் அவர் கருத்து ஆழ்ந்து நின்றது.,False
2363,அவற்றைப் பின்பு ஒவ்வொரு தொழிலாளிக்கும் உபதேசித்து மறவாமல் கைக்கொள்ள வேண்டும் என்று வற்புறுத்தினார்.,False
2364,"தொழிலாளரின் மனதில் வேரூன்றிய மந்திரம், விரைவில் செயல்பட்டது.",False
2365,"மக்கள் அனைவருக்கும் அதன்பால் மிக்க நம்பிக்கையும் நன்மதிப்பும் உண்டாகவே, இப்போது யாவரும் பாராட்டும் பெருமை பெற்று விளங்குகிறது.",False
2366,அப்படியானால் அந்த மந்திரம் யாது என அறிய வேண்டு மன்றோ?,False
2367,அதனை அவர் ரோட்டரி யென்னும் சுழல்கழகத்தின் வாயிலாக உலக மக்கள் அறிந்து பயன்படுமாறு விளக்கமாகத் தெரிவித்துள்ளார்.,False
2368,"இது தான் முதல் மந்திரம், போலியாகவோ மோசமானதாகவோ அந்தப் பொருள் இருக்கக் கூடாது, உண்மையானதாக இருந்தால்தான் கொடுக்கவேண்டும்.",False
2369,ஒரு பொருளின் விலையைச் சொல்லி வாங்கும்போது நாம் வாங்கும் விலை நேர்மையானதா?,False
2370,என்று காணவேண்டும்.,False
2371,இஃது இரண்டாவது மந்திரம்.,False
2372,நேர்மையில்லாத வழியில் விலை குறிப்பதும் விற்பதும் மக்கள் மனதில் அருவருப்பை உண்டாக்கும் அதனால் வாணிகம் தடைப்பட்டுச் சீரழியும்.,False
2373,நாம் இப்படிச் சொல்லுவதாலும் செய்வதாலும் நம்மிடத்தில் பொதுமக்களுக்கு நல்ல நம்பிக்கை உண்டாகுமா?,False
2374,பொதுமக்களுக்கும் நமக்கும் இடையே உயர்ந்த நட்பு உண்டாகுமா?,False
2375,என்று ஆய்ந்தறிய வேண்டுவது மூன்றாவது மந்திரம்.,False
2376,நம்பிக்கையால் வாணிகம் பெருகும் நட்பினால் அது செழிக்கும்.,False
2377,நாட்டில் நமது தொழிலுக்கு மதிப்பும் புகழும் தோன்றிச் சிறக்கும்.,False
2378,நமது இந்தச் செய்கையால் எல்லோர்க்கும் நன்மை விளையுமா?,False
2379,என்று நோக்குவது நான்காவது மந்திரம்.,False
2380,பிறர்க்கு நன்மை செய்வது குறித்தே வாணிகத் தொழில் உண்டாகியிருக்கிறது.,False
2381,அவரவர்க்குத் தேவைப்படும் பொருள்களை அவரவரும் தாமே தேடிக்கொள்வது எளிதில் நடக்கக்கூடியதன்று.,False
2382,நமது செயலால் வாங்குபவரும் விளைவிப்பரும் இடையில் பல நிலைகளில் வேலை செய்பவரும் யாவரும் நன்மை பெறவேண்டும்.,False
2383,"மேலும், தேவைப்பட்டு வாங்குவோருள்ளும் ஏழை எளியவர், சிறியவர் முதியவர், தெரிந்தவர் தெரியாதவர் யாவரும் இதனால் நன்மையடைய வேண்டும்.",False
2384,தேவைப் பட்ட பொருள் செம்மையான நிலையில் கிடைக்கப் பெற்றால் பெறுகின்ற மக்கள் மனதில் அமைதியும் இன்பமும் உண்டாகும்.,False
2385,வளர்க வாணிகம்!,False
2386,வாழ்க தமிழகம்!,False
2387,இராமசாமி ஐயர் அவர்களின் ஆங்கில முன்னுரையும் அவர்க்கு உதவியாய் இருந்த திரு.,False
2388,இராமநாதபிள்ளையவர்களின் தமிழ் முன்னுரையும் சேர்த்து வெளியிட்டுள்ளது.,False
2389,அஃது ஏழு காண்டங்களையுடையது எனினும் முதல் ஆறு காண்டங்களே கம்பர் பாடியவை என்ற கருத்துத் தமிழகத்தில் நன்கு வேரூன்றியுளது.,False
2390,கம்பராமாயணம் மூலம் மட்டில் சென்ற எழுபது ஆண்டுகளில் பல அறிஞர்களால் பல வேறு சமயங்களில் அச்சிட்டு வெளிப்படுத்தப் பெற்றுள்ளது.,False
2391,இப்போது கடைத்தெருக்களில் கம்பராமாயண மூலமே கிடைப்பது அரிதாய் விட்டது.,False
2392,சென்ற சில பல ஆண்டுகளாகக் கம்பராமாயணத்தைப் படிப்பதிலும் ஆராய்வதிலும் தமிழ்மக்களிடையே பேரூக்கம் எழுந்து நல்ல பயன் விளைத்து வருகிறது.,False
2393,அது பற்றித் தமிழகம் அண்ணாமலைப் பல்கலைக் கழகத்துக்கு நன்றி செலுத்தப் பெரிதும் கடமைப்பட்டுள்ளது.,False
2394,இதனைப் பல்கலைக்கழகம் வெளியிடுதற்குக் காரண முதல்வராயிருந்தவர் அதன் துணைவேந்தராய் விளங்கிய திரு.,False
2395,சண்முகம் செட்டியார் அவர்களாவர்.,False
2396,அவர்களுடைய இந்த அரும்பணியைத் தமிழகம் ஒருகாலும் மறவாது.,False
2397,இதற்கு ஆதரவளித்த தமிழ்ப் பெருமகனார் ராஜா.,False
2398,சுந்தரகாண்டத்தின் முதற்பகுதியாகிய இம் மாதிரி பதிப்பில் முதல் ஐந்து படலங்களே எடுத்துக் கொள்ளப்பட்டன.,False
2399,இத்தகைய அச்சு வேலைப்பாடு இது காறும் வெளிவந்துள்ள அண்ணாமலைப் பல்கலைக் கழக வெளியீடுகளுள் எதற்கும் வாய்த்ததில்லை.,False
2400,இம் மாதிரிப்பதிப்பு இம்முறையிலே நடைபெறுவதுதான் யாவரும் விரும்புவது.,False
2401,பல்லாயிரக்கணக்கில் உள்ள கம்பராமாயணப் பாட்டுக்கட்கு உரைக்குறிப்பு எழுதிச் சேர்ப்பது இக்காலத்துக்கு வேண்டுவ தொன்றே.,False
2402,சாமிநாதையர் முதல் அண்மையில் நம்மிடை இருந்து மறைந்த திரு.,False
2403,பண்டிதமணி மு.கதிரேசன்செட்டியார் உள்ளிட்ட அறிஞர் பலரும் கூறிச்சென்றனர்.,False
2404,இதற்கு டாக்டர் உ.வே.சா.ஐயர் வெளியிட்டுள்ள பாலகாண்டம் நேரிய வழிகாட்டியாகும்.,False
2405,"இவ்வழக்கம், வாழ்நாள் என்னும் தொடர்க்கு உயிர் உடலோடு கூடியுறையும் காலம் என்னும் பொருளைத் தருகின்றது.",False
2406,"கருத்துப் பற்றி, முப்பது வருஷம் வாழ்ந்தவரும், நிகழ்வு முதலிய வேறுபாடே பற்றிக் காலம் பலவென்றல் சாலாதெனின்!",False
2407,"இவ் விரிவுரையாற் காலம் உள்ளதே என்பதும், அது பலவாமென்பதும் பெறப்பட்டனவாம்.",False
2408,"ஒருபொருள் மற்றொரு பொருளொடு தொகுமிடத்து, அவ்விரண்டற்கும் தொடர்பொன்றும் இல்லையேல் தொகுதல் ஆகா தென்பது யாவரும் அறிந்தது.",False
2409,"ஆகலின், வினைக்கும் காலத்துக்கும் தொடர்புண்மையும் பெற்றாம்.",False
2410,உயிர்கள் உணருந் தன்மையுடையவாகலின் வினை முதலா தற்குரியனவாகும்.,False
2411,"இன்ப துன்பங்களை யுணர்தலும் நுகர்தலுமே உயிருணர்வின் பயனாகலின், அவ்வுயிர்கள் அவற்றைப் பெறுதற் குரிய வினைகட்கு வினைமுதலாகின்றன.",False
2412,"அங்ஙனம் தோன்றும் வினைக்கு அது வினைமுதலாய், அவ்வினையை நிகழ்த்துமிடத்து அதன் பயன் தோன்றாதொழிதல் ஒருகாலுமில்லை.",False
2413,"ஆதலால், தான் நுகர்தற் பாலதாகிய வினைப்பயன் குறித்து உயிர் வினை முதலாதலும் வினையுளதாதலும் ஒருதலை யென்று கோடல்வேண்டும்.",False
2414,"வினை, தொழில், செய்கையென்பன ஒரு பொருளன.",False
2415,"இனி, கலையால் விளக்கமுற்று வினைபுரிவான் வினை முதலாகிய உயிர்க்கு வேண்டுவது வினைப்பயனேயன்றி வேறு ஒன்றும் அன்று.",False
2416,"அப்பயனை விளைக்கும் வினை, அதற்குக் காரண மாயினும், அதனை வரையறைப்படுத்து, உயிரை நுகர்விக்கு மிடத்து, காலம் பெருந்தொடர்பு பெறுகின்றது.",False
2417,இப்பெருந் தொடர்பு தானும் துணைக்காரணத் தொடர்பேயாம்.,False
2418,இதனை நினையாது ஓருயிர்க்கு வாழ்நாள் இத்துணை என வகுத்தல் வாய்மையாகாது கழிதல் பெரும்பான்மை.,False
2419,"ஓருயிர் நுகர்தற்குரிய வினைப்பயனும், அதற்குரியவினையும் அவ்வுயிரால் அறியமுடியாமையின், வாழ்நாளை வரையறுத்துக் கூறுதல் கூடாமையின்பாற் படுவதாயிற்று.",False
2420,"முற்றத்துறந்த முனிவரரும், கற்றுத் துறைபோகிய காட்சியரும் இந்நெறியில் மயங்குகின்றனர்.",False
2421,"நெடிது வாழலாமெனக் கருதுமோருயிர், கடிதுபொழுதில் உடல் விட்டேகுதல் நாடோறும் நிகழும் நிகழ்ச்சியாயிற்று.",False
2422,என்றும் கூறிப்போயினர்.,False
2423,"இனி, இக்காலத்தையும் ஒருவாறு துணிந்து கூறுதலுமுண்டு.",False
2424,"வேதநூற் பிராயம் நூறு என ஓதிய பெரியார் வாய்மொழியினையும், பிறவாழ்க்கை நிலைகளையும் கண்டு மக்களுயிர்க்கு வாழ்நாளெல்லை நூறாண்டாகும் என்ப.",False
2425,அவருட்டலையாயவர் பபூன் என்பாராவர்.,False
2426,"அவர் கூற்று, நூறாண்டென்பார் கூற்றோடு நெருங்குதலின், உடன்படற்பாலதாயினும், வளர்ச்சிக் காலமாகிய வாலப்பருவத்துக்கு வகுத்த யாண்டுகள் சாலா.",False
2427,அவ் வாலப்பருவம் பதினான்கினும் மிக்க யாண்டுகள் வேண்டி நிற்பதை இன்றும் காணலாம்.,False
2428,"இவர் கூற்றினால் ஊக்கப்பெற்றெழுந்த பிளாரன்ஸ் என்பார், மக்களுயிரோடு விலங்கினங்களின் உயிரையும்கொண்டு, உயிர்கட் குரிய வாழ்நாளெல்லையை வரையறை செய்யத் துணிந்தார்.",False
2429,"இவற்றை நோக்குமிடத்து, பபூன் என்பார் கூறியதுபோலாது, வளர்ச்சிக்குரிய யாண்டுகள் வாழ்நாளெல்லைக்குவேண்டும் யாண்டுகளுட் சற்றேறக்குறைய ஐந்தனுள் ஒரு பகுதியாமென்பது பெறப்படுகின்றது.",False
2430,"இந்நுண்ணுணர் வில்லார் இன்பத்தோடியைந்த வாழ்வு, இணைவிழைச்சின்பத் தோடியைந்த வாழ்வு இரண்டுநாளைய வாழ்வாயினும் அமையும் என்பர்.",False
2431,"இத்துணிபினையுட்கொள்ளாராய், இப்பெற்றியோர், முதுக்குறைவும் இணைவிழைச்சும்பெற்று, முதுமையும், முடிவுநிலையாகிய சாக்காடும் விரையப்பெற்றுக் கழிவர்.",False
2432,இது மேலேகூறிய கருங்கை வினைஞர்குழுவில் என்றும் காணப்பெறும் காட்சியாகும்.,False
2433,"அப்பெண் இரண்டுமக்களைப் பயந்தாள், அவற்றுள் ஒன்று ஒரு திங்களும், மற்றொன்று சிலயாண்டுகளுமிருந்து, பின்னர் இறந்தொழிந்தன.",False
2434,"பத்துயாண்டுகட்குப்பின், இவர்தம் நூற்றிருபதாம் ஆண்டில் காதரைன் மில்டன் என்னும் குமரியைக்காதலித்து மணந்து, ஒருமகனைப் பெற்று, தம்நூற்றியைம்பத்திரண்டாமாண்டில் உயிர்துறந்தார்.",False
2435,"இவர் இறப்பதற்கு இருதிங்களின்முன் அருண்டேல் நாட்டுத்தலைவரான தாமஸ் , என்பார் வெஸ்டு மினிஸ்டர் என்னுமிடத்திற்குக் கொண்டு போந்தனர்.",False
2436,"இதனை நோக்க ஆசிரியர் நக்கீரனார் அறுநான் கிரட்டியிளமை நல்லியாண்டு, ஆறினிற் கழிப்பிய அறன்நவில் கொள்கை யரைக்கூறியது புனைந்துரையன்மை புலனாம்.",False
2437,"அங்கு, இவர் பெரும் பாலானகாலத்தை உறங்கியே கழித்தார்.",False
2438,"இவ்வகைய நீடியவாழ்க்கையர் அரியர் ஆகலின், இவருடல் வெஸ்ட் மினிஸ்டரைச்சார்ந்த இடு காட்டுக் கோட்டத்தே இடப்பெற்றுளது.",False
2439,யார்க்ஷயர் நாட்டைச் சேர்ந்துள்ள போல்டன் என்னுமிடத்தே என்ரிஜென்கின்ஸ் என்னும் பெயருள்ள ஒருவர் இருந்தனர்.,False
2440,அக்காலத்தே நீதிமன்றத்தில் நிலவழக்கொன்றின் பொருட்டுச் சான்று பகர்தல் வேண்டி இவர் போந்திருந்தார்.,False
2441,இவருடன் அம்மன்றத்தே எண்பது வயது நிரம்பியசான்றோர் இருவர் வந்திருந்தனர்.,False
2442,"அதுகேட்ட நீதிபதி, வியப்புற்று, அவ்விருவரையும் நோக்கினாராக, அவர்தாமும், அறவோர் தலைவ, இப்பெரியார்யாம் அறிந்தவரே.",False
2443,"யாங்கள் பள்ளியிற்பயிலும் போதே, இவர் எம்மிற்பலயாண்டு மூத்துத் தோன்றினர் எம்மின் மூத்துளயாண்டுகள் இத்துணைய வென்றலும் எங்கட்காகாது, என்று வலியமொழிந்தனர்.",False
2444,வீழ்நாள் படாஅமை நன்றாற்றின் அஃதொருவன் வாழ்நாள் வழியடைக்கும் கல். தமிழ்ப் பொழில் .,False
2445,கருவிலே வாய்த்த திரு உலகில் மக்கள் பலவேறுவகையான செயல்களைச் செய் கின்றனர்.,False
2446,"அவற்றைகாணுங்கால், அவர்பால் அச்செயற்குறிய தளர்ச்சியும், சோர்வும் புலனாகாமை கண்ட விடத்து, இன்னோரன்னவற்றைச் செய்வது இவர்கட்கு எளிதன்று.",False
2447,"இச் செயல்வன்மை இவர்கட்குக் கருவிலேவாய்த்த திரு, என்கின்றனர்.",False
2448,"கருவிலே வாய்த்ததிரு என்ற தொடருள், கருவென்பது பிறப்பையும், திருவென்பது சிறப்பையும் சுட்டிநிற்கின்றன.",False
2449,கருவாய்க்கிடந்து உருவு சிறந்து பிறவி பெறுதல் உயிர்கட்கு இயல்பு.,False
2450,"ஆதலால், இத்தொடரும் உயிருடைப் பொருளையே சுட்டி வருதலுடையதாகும்.",False
2451,மனிதவுயிர் மண்ணிற் றோன்றிப் பலநாள் கழித்த பிறகே தனக்குறியவற்றைத் தானே தேடிச் செய்வன செய்யும் திறம் பெறுகிறது.,False
2452,"ஏனைவுயிர்களை நோக்கப் புள்ளுயிர்கள், சில இயல்புகளைக் கருவிலேயே திருவுறப் பெற்றிருத்தலை நாம் நாளும் காணலாம்.",False
2453,ஆஸ்திரேலியாவில் ஒருவகை வான் கோழிகள் வாழ்கின்றன.,False
2454,அவற்றைத் தர்மா மீட்டர் பறவை யென்று அங் குள்ளவர் கூறுகின்றனர்.,False
2455,அவை ஆணும் பெண்ணுமாகக் கூடிவாழும் அமைதியுடையவாகும்.,False
2456,அவை கூடமைக்கும் முறை மிக அழகிது.,False
2457,இக் கோழி யமைக்கும் கூடு மூன்றடி உயரம் பெற்று வட்டமாக சமைந்து நிற்கிறது.,False
2458,இதன் குறுக்களவு நான்கடியாகும்.,False
2459,கூட்டின்புறம் குச்சிகளாலும் சிறுசிறு கொம்பு களாலும் சன்னல் பின்னலாகத் தொடுக்கப்பட்டுளது.,False
2460,"மேலும், இது, மிக்க வன்மை யுடையதாகலின், காற்றிற்கும் மழைக்கும் பிறவற்றிற்கும் சிறிதும் தளர்வுறுவதும் இல்லை.",False
2461,"இத்துணை வன்மை யுறக் கட்டப் பெற்ற இக்கூடு முடிவு பெற்றதும், இப்பறவைகள், இதன்கண் வந்து தங்குவதில்லை.",False
2462,"ஆறுநாட்களோ, ஒன்பதுநாட்களோ கழிந்தபிறகுதான், இக்கூட்டிற்குவரும்.",False
2463,"வரும்போது பெண்கோழி, புறத்தே வழியொன்று செய்து கூட்டின் உட்புகுந்து முட்டை யொன்றையிடும்.",False
2464,"பின்பு, அதனை மூடி விட்டுச் சேவலொடு நீங்கிவிடும் மறுபடியும் மூன்று நாள் கழித்தே கூடுநோக்கி வரும்.",False
2465,"வரும்போதும், அது, முன்போலவே குழிசெய்து, உட்புகுந்து ஒரே முட்டை யிட்டுவிட்டு நீங்கிவிடும்.",False
2466,"இவ்வாறு அது, மூன்று நாட்களோ, நான்கு நாட்களோ, இடை யிட்டு இடையிட்டு, பதினான்கு முட்டைகளை இடும்.",False
2467,"அதற்குமேல், பெண்கோழி முட்டையிடுவதாகத் தெரியவில்லை.",False
2468,"இவ்வாறு பதினான்கு முட்டைகளும் இடப்பட்டவுடன், அக்கோழி, அக்கூட்டிற்குள் நுழையாமல், புறத்தே தான் செய்த வழியையும் மூடிவிடுகிறது.",False
2469,"அதனால், கூட்டின் உட்புறத்தே புழுக்கம் உண்டாகிறது வெப்பமும் மிகுகின்றது.",False
2470,முட்டைக்குத் தொண் று திகிரி யளவுள்ள வெப்பமே வேண்டப்படுகிறது.,False
2471,இவ்வகையில் சுமார் நாற்பத்தைந்து நாட்கள் சென்றதும் முட்டைகள் பொரிக்கின்றன.,False
2472,"குஞ்சுகள் வெளிப்பட்டு, அக் குழியிலிருந்து மண்வழியே மேலேறி வெளிவருகின்றன.",False
2473,தாம் இருக்குமிடத்து வெப்பம் தமக்குப் போதாதென்று அக்குஞ்சுகள் வெளிவந்து விடுகின்றன என்பர்.,False
2474,"நம் தமிழ் நூல்களில், புள்ளினங்களை அறிஞர் ஐயறிவுயிராகக் கொண்டுளராயினும், இவற்றிற்கு மனவுணர்வு உண்டென்று கூறுவதிலர்.",False
2475,"ஆசிரியர் தொல்காப்பியனாரும் மாவும் மாக்களும் என்றற்றொடக்கத்து விதிகளால், பறவைகட்கு மனவுணர்வு இன்மை தோன்றவே கூறினர்.",False
2476,"மற்று, மேனாட்டு மக்கள் பலரும் புள்ளினங்கள் நுண்ணறிவுடையவென்றே கருதி வந்தனர்.",False
2477,"உயிர் நூற் புலவர்கள், ஆண்டுதோறும், இவற்றின் குணஞ்செயல்களை ஆராய்ந்து கொண்டே வருகின்றனர்.",False
2478,"அவர்கள், புள்ளினம் நுண்ணுணர்வுடையவென்றல் உண்மையன்று.",False
2479,அவற்றிற்கு நினைத்தல் என்ற செய்கையே கிடையாது நினைக்கவேண்டிய நியதியும் அவற்றிற்கு வேண்டா.,False
2480,"அமரிக்க நாட்டு நியூயார்க் நகரத்தில், உயிராராய்ச்சிக் கழகம் ஒன்று உளது.",False
2481,அங்கு உயிராராய்ச்சிப் புலவர்களுள் தலைமைப் புலமை நடாத்தும் ராபாட் குஷ்மான் மர்பி என்பார் பின் வருமாறு கூறுகின்றார்.,False
2482,"புள்ளினங்களுள் உயர்வுடையன எனக் கருதப்படும் கிளியும், காக்கையும், பிற இன்னிசைப் பறவைகளும் நினைத்தற்குரிய மனப்பொறி, மிகச் சிறிதே யுடையவாகும்.",False
2483,"சிறு புழுக்களுக்குரிய மனப்பொறியும், இவற்றின் மனப்பொறியும் பெரும்பாலும் ஒத்திருக்கும்.",False
2484,"ஒரு செயலைச் செய்தல் வேண்டும் என்றெழும் உயிர்க்கிளர்ச்சியும், செய்கையாற் பிறக்கும் அமைதியும் ஒன்றையொன்று இன்றி யமையாது தொடர் புற்றிருக்கின்றன.",False
2485,"அத்தொடர்புக்குரிய உயிர்ப்பண்பே, பறவைகளின் அருஞ்செயற்குப் போதிய ஏதுவா கின்றது.",False
2486,"எவ்வகையாலேனும் இத்தொடர்பு இடையறுமாயின், அவற்றிற்கு உளதாகும் கையறவு நம் நினைவு நிலையினைக் கடந்து நிற்கும் என்பது அப்பெரியார் கூறும்பொருள்.",False
2487,பறவைகள் சில காலங்களில் பாடுதலில் வேட்கை மிகுகின்றன.,False
2488,அக்காலத்து அவ்வேட்கையினை அடக்கிக்கொள்ளும் மனநிறை அவற்றிற்கு இருப்பது கிடையாது.,False
2489,"வேண்டுங் காலத்துப் பாடுதலும், வேண்டாக் காலத்துப் பாடாதமைதலும் அவற்றிற்கு ஒல்லுவதில்லை.",False
2490,"இதனாலும், அவற்றிற்கு நினைவுச் செய்கை இல்லை யென்பது விளங்குகின்றது.",False
2491,"இதைக்காணும் அறிஞர்க்கு, இக்காலத்திற் சிலர் கோழி முட்டைகளோடு வாத்துக்களின் முட்டைகளை வைத்துப் பொரிப்பிக்கும் இயல்பு புதுமையாகா தென்பது தோன்றும்.",False
2492,"முன்னே அமைந்த இடத்தில் அக்கூடு இன்மை கண்டதும், அது விரைந்து பறந்து நெடுந்தூரம் சென்று மீண்டு அவ்விடத்துக்கேவரு கின்றது.",False
2493,"பறவைகள் தம் கூடுகட்கு வருவதும் போவதும் செய்யுமிடத்து, சிறப்புடைய செயலொன்று அவற்றாற் செய்யப்படுகின்றது.",False
2494,வரும்போது ஏதாவதொன்றைக் கொணருவதும் போம்போது ஏதாவதொன்றைக் கொண்டேகுவதும் அவற்றிற் கமைந்த உயிர்த் தன்மை.,False
2495,"இத்தன்மை அவை தம் கூட்டைச் சுகாதார நிலையில் தூய்தாக, வைத்துக் கோடற்கு உபகாரமாகின்றது.",False
2496,"அவைதம் கூடுகளில் தங்கியிருக்குங் காலத்தில் அவற்றால் இடப்பெறும் எச்சங்களால், அக் கூடுகள் தூய்மையின்றிக் கெடலாம்.",False
2497,"போம் போது ஏதாவதொன்றைக் கொண்டேகுவதாகிய உயிர்த்தன்மையால், அவை குடம்பை நீங்கிப் போம்போது, அவ்வெச்சங்களை எடுத்தேகி விடுகின்றன.",False
2498,"அதனால், அக்கூடுகள் எப்போதும் தூயநிலையில் அமைந்து நிற்கின்றன.",False
2499,"இதனை நோக்கின், பறவைகள் மக்களைவிட எத்துணைச் சீரிய சுகாதார நெறியினவாக இருக்கின்றன என்பது தோன்றும்!",False
2500,"இவ்வாறு செய்வதால், குடம்பைகள் தூயவாதலோடு, பகையினங்கள், எச்சங்களின் நாற்றம் உணர்ந்து போந்து தீங்கு செய்தற்கும் ஏது இலதாகின்றது.",False
2501,"திரும்பி வந்த பறவை தான் கொணர்ந்த இரைப்பொருளைத் தன் காதற் பார்ப்புகட்கு அருத்திவிட்டு, ஒரு குச்சியினை எடுத்தேகிற்று.",False
2502,இதற்குள் பார்ப் புக்களும் முதிர ஆரம்பித்தன.,False
2503,முடிவில் அக்கூடு கலைந்தே போயிற்று.,False
2504,ஆப்பிரிக்கா நாட்டில் தூக்கணங் குருவி யினத்தைச் சேர்ந்த ஒருவகைப் பறவை இருக்கிறது.,False
2505,"இவற்றைக்கண்ட உயிர்நூல் அறிஞர்க்கு, இப்பறவைக்கு இவ்வாறு முடியிடும் வன்மை எவ்வாறு உண்டாயிற்றெனும் ஆராய்ச்சி தோன்றுவதாயிற்று.",False
2506,பலர் பல முடிவுகளைக் கூறுவாராயினர்.,False
2507,குலவிச்சை கல்லாமற்பாகம் படுமன்றோ!,False
2508,உயிர் நூலாராய்ச்சியாளர்களால் இதுகாறும் ஆராய்ந்து கூறப் பட்டவற்றால் பறவைகள் மிக்க நுண்ணிய பொறியுணர்வுடையன என்பது தெரிகிறது.,False
2509,"ஏனைய உயிரினங்களை நோக்க, பறவையின் பொறியுணர்வு சிறந்ததென்றே ஒரு சிலர் கூறுப.",False
2510,"நாகரிகக் குறை வுடைய மக்கள் வாத்து, கோழி முதலியவற்றைத் தங்கள் உறை விடங்களில் மிகுதியாக வைத்து வளர்ப்பர்.",False
2511,"அவற்றின் கண்கள் தலையின் இருபக்கத்திலும் நிற்றலின், அவற்றின் இருபார்வையும் நடுநிலைக்கண் ஒன்றும் தகுதிப்பேறு பெற்றில.",False
2512,நமது முகத்துக் கண்கள் நேர்முகமாக நின்று பொருளைப் பார்க்குமிடத்து நடுநிலைஒற்று பெறுமாறு அமைந்துள.,False
2513,அதனால் நாம் இருகண்களாலும் ஒரு பொருளையேநோக்கும் தகுதிப்பேறு உடையேமாயினோம் கண்களும் நிலைபெயராது நின்றாங்கு நோக்குகின்றன.,False
2514,பறவையின் பார்வையோவேறுபட்டுளது ஒரு கண்ணால் ஒரு பொருளை நோக்கு மிடத்து மற்றொருகண் செயலின்றித் தாழ்ந்துவிடுதலும்.,False
2515,மூடப் பெறுதலும் உண்டு.,False
2516,"இவ்வாறுவேறுபடும் இக் கண்கள், நேர்பொருளை ஆழ்ந்துநோக்கற்கண், தம்மிற்றாமே ஒப்ப அமைந்துகொள்ளும்.",False
2517,"இன்னோரன்ன திருவுடைக் காட்சி யுணர்வு, இவற்றிற்குப் பரமன் திருவருளால் கருவிலே வாய்த்துள தெனக் கூறுவதல்லது பிறிதுயாதும் கூறுதற்கில்லேம்.",False
2518,பறவைகளின் சிறப்பியல்புகளை ஆராயப்புகுந்த அறிஞர் பலரும் வேறுபுலம் பெயர்தல் என்னும் செய்கை யொன்று பறவைகளின்பால் சிறந்து நிற்கிறதென்கின்றனர்.,False
2519,இதனைப் பண்டைக்காலத்துத் தமிழறிஞரும் அறிந்திருந்தனர்.,False
2520,"பறவைகள் ஒருசில பருவகாலங்களில் ஓரிடத்திலும், வேறு காலங்களில் வேறிடங் களிலும் காணப்படுவதுண்டு.",False
2521,பருவ வரவு தேர்தலும் தேர்ந்து செய்வன செய்தலும் கூரிய உணர்வுடை யுயிர்கட்கே ஒல்லும் செய்கையாகும்.,False
2522,"அவ்வியல்பினால், பறவைகள் வேறுபுலம் பெயரும் இயல்பினவாதற்குக் காரணம் யாதாகும் எனச்சில அறிஞர் ஆராய்வாராயினர்.",False
2523,"அவருட் பலரும், பருவ வரவின்கண், பறவைகளின் யாக்கையமைப்பில் எழும் சில ரசாயனக் கிளர்ச்சியே, வேறுபுலம் பெயர்தற்கு ஏதுவாகும் என்கின்றனர்.",False
2524,இவ்வண்ணம் பருவ வரவு தேர்ந்து வேறுபுலம் படரும் பறவைகளின் செலவினைச் சில அறிஞர் ஆராய்ந்து வருகின்றனர்.,False
2525,இவ்வாராய்ச்சியின்கண் அரிய செய்திகள் பல அறியப்படுகின்றன.,False
2526,"தாட்டரல் என்னும் பறவை மாலையில் வடவாப்பிரிக்கா வில் உணவுகொண்டு, மறுநாட்காலையில் ஸ்காந்தி நேவியக் கடற்கரையில் இரைதேர்ந்துண்டு இன்புறுகிறது.",False
2527,அவற்றின் செலவு நாளொன்றுக்கு மைல் ஆகிறதெனக் கணக்கிட்டிருக்கின்றனர்.,False
2528,அந்நாட்டுப் பறவைகளுள் இராபின் என்பது நம் நாட்டுக் காக்கையைப் போல ஆங்காங்குத் தங்கி இரைகொள்ளும் இயல்பிற்று.,False
2529,"இனி, இவ்வண்ணம் வேறுபுலம் பெயரும் விரகுடை உயிர் கட்குத் திசைநிலை காட்டுவது யாதாகும்?",False
2530,"தாம் படர்ந்த நாட்டைத் தப்பாது சென்றடைதலின், இவற்றிற்குத் திசைகாட்டி நிற்கும் திருவுடைக் கருவியாது கொல்லோ?",False
2531,"இவை செல்லுநெறி யில், பிழையாது சேறற்கண் துணைபுரிதற்கு யாதானுமொன்று இருந்தே தீர்தல் வேண்டுமன்றோ!",False
2532,"அக்கருவியின் முன், அத்திப்பியக் கருவியின்முன், மனிதவுணர்வால் செய்யப்பட்ட செயற்கைத் திசையறி கருவி முன்னிற்றல் கூடுமா?",False
2533,"கூடாது, கூடாது.",False
2534,"இயற்கை வழியியங்கும் இயல்புடைக்கருவி முன், செயற்கை வழி இயலும் செய்வினைக்கருவி யாது செய்யவல்லதாம்?",False
2535,மேலை அமரிக்காவில் வாழும் புலாவர் என்னும் பறவைகள் அலாஸ்கா நாட்டிலிருந்து தெற்குநோக்கி அலூஷியன் தீவுகட்குச் செல்கின்றன.,False
2536,அச்சிறு நிலப் பகுதியினை நோக்கி இப்பொன்னிறப் புலாவரினம் படர்ந்து வருகின்றது!,False
2537,ஆர்க்டிக் உலகத்தில் தரன் என்னும் பறவைகள் வாழ்கின்றன.,False
2538,"வடதுருவத்தைக் காணப் புகுந்த வீரர்கள், தாம் இவற்றின் கூடுகளை வடதுருவத்துக்கு நானூற்றைம்பது மைல் தூரத்தே கண்டதாகக் கூறுகின்றனர்.",False
2539,"அங்குள்ள இவை மாரிக்கால வரவு தேர்ந்து, பதினோராயிரமைல் தூரத்தில் உள்ள தென் துருவ அன்டார்க்டிக் உலகுநோக்கிச் செல்கின்றன.",False
2540,இவ்வரிய காரியத்தை இவை எவ்வண்ணம் செய்கின்றன?,False
2541,இச்செயற்கண் இவை பிழையின்றி ஒழுகுதற்குத் துணையாவது யாது?,False
2542,இவையாவும் இவற்றால் இயல்பாகவே நடைபெறுவன இஃது இவற்றிற்குக் கருவிலே வாய்த்ததிரு என்பதல்லது பிறிதில்லை.,False
2543,செந்தமிழ்ச் செல்வி .,False
2544,"எனினும் இவர்தம் பெயர்க்கும், குணஞ் செயல்கட்கும் ஒற்றுமை பெரிதும் காண்பதரிது.",False
2545,"அவ்வாறு காணப்பெறும் தகுதி யுடையார் ஒருவர் உளரெனின், அவருண்மை அந்நாட்டின் அரும் பேறுகளுள் பெரும் பேறாகும்.",False
2546,அத்தகைய பெருமக்களாம் பெருமை இன்று நமக்கு எய்தியுளது.,False
2547,எங்கள் ஆசிரியப் பெருந்தகையாகிய இப்பெருமான் திருவடிகள் இம்மாநிலத்துப் பல்லாண்டு மருவி வாழ்க!,False
2548,எங்கும் என்றும் இன்பமே நிலவுக!,False
2549,"நல்லதன் நலனும், தீயதன் தீமையும், உள்ளவாறு காண்டல் அறிவு என்பர்.",False
2550,"எப்பொருள் எத்தன்மைத் தாயினும், அப்பொருள் மெய்ப்பொருள் காண்பது அறிவு என்பர் நம் திருவள்ளுவப் பெருந்தகையார்.",False
2551,"இவ்வறிவு மக்களினத்து ஒவ்வொருவரிடத்தும் நிலவுகிறதெனினும், செயலாற் பலருமறிய விளங்கி நிற்குமிடத்திற்றான், தன்னுண்மையினை எடுத்துக் காட்டுகின்றது.",False
2552,அதனையுடையாரே அறிவுடையார் என உலகம் போற்றி மகிழ்கின்றது.,False
2553,"அவ்வறிவும், பிறர் அறிவுக்கு எளிதிற் புலனாகாச்சமய நுண்பொருளையெடுத்து விளக்குமிடத்து, ஞானம் என இந்நாளில் வழங்குகின்றது.",False
2554,"இந்த உயரிய ஞான முடையவரையே, ஞானியார் என்று பாராட்டி வழங்கற்கு அறிவுடையுலகம் ஒருப்படும்.",False
2555,"தமிழ்நாட்டில், அறிஞர் உலகில், மூன்று பெருமொழிகள் வழக்கில் உள்ளன.",False
2556,"அவை, தமிழ், ஆங்கிலம், சமஸ்கிருதம் என்பன வாகும்.",False
2557,இம்மூன்றினும் ஒத்த புலமையுடையர் மிகச்சிலரேயாவர்.,False
2558,நம் ஞானியார் சுவாமிகள் சீரிய சொல்வன்மையுடையர் என்பது உலகறிந்த செய்தி.,False
2559,"கேளாரும் வேட்பமொழிவதாம் சொல் என்னும் திருமறை, இவர்தம் சொல்லையே பேரிலக்கிய மாகக் கொண்டது என்னின், அது புனைந்துரையாகாது.",False
2560,"எனினும், இவர்தம் சொல்வன்மையின் சிறப்பியல்புகளுள் இரண்டொன்றினை ஈண்டுக் கூறிப் பாராட்டற்கு எம் உள்ளம் விழைகின்றது.",False
2561,அச்செயற்கு உரிய துணை செய்யும் சிறப்பு சொல்வன்மைக்கேயுண்டு.,False
2562,சொல்லப்படும் நுண்பொருளைக் கேட்போர் ஏற்கும் வகையறிந்து அவர் பயின்றுள்ள சொல்வழியாக உணர்த்துந்திறம் சொல்வன்மையின் முதற்பண்பாகும்.,False
2563,"ஒருகால் கொணர்ந்தபின், அறிவு வுரம் இன்மையின், கேட்போர் மனம் சொல்லப்படும் சொற்பொருள்வழி நில்லாது மெலிந்து நெகிழ்வது முண்டன்றோ!",False
2564,"அதனையறிந்து, அதற்குப் பிறவாற்றால் வன்மை யூட்டி, சொற்பொருளைக் கேட்குமாறு செய்வது சொல் வன்மைக் குரிய வேறொரு பண்பாகும்.",False
2565,"சைவசித்தாந்தம், விசிட்டாத்து வைதம், ஆருகதம், கௌமாரம் பௌத்தம்.",False
2566,"அந்நெறியே நோக்கின், நம் அடிகளார் சொற்பொழிவில் மிகவுயர்ந்த கருத்தமைந்த உவமைகள் பல்கித்தோன்றக் காண்கின்றோம்.",False
2567,சென்ற யாண்டில் அடிகளார் போளூர் போர்டு உயர்கலாசாலை மாணவர் கட்குச் சமயக் கல்வி என்றபொருள்பற்றிய சொற்பொழிவொன்று ஆற்றினர்.,False
2568,"அச்சொற்பொழிவின் முடிபொருள், பரம்பொருள் ஒன்று உண்டு அதனைப்பரவுவது அனைவர்க்கும் கடன்.",False
2569,அப்பொருள் சிவனாயினு மாகுக திருமாலாயினும் ஆகுக அல்லாவாயினு மாகுக யாவராயினு மாகுக.,False
2570,"யாவும் ஒன்றே ஒவ்வொன்றையும் வழிபடுவோர் ஒரு முடிவையே பெறுவர் அதனால் அவரைக் காய்தலும், பூசலிடுதலும் கூடா என்பதாகும்.",False
2571,யாவரும் அறிய என்னை ஆட்கொண்டான்.,False
2572,யாவர் என்றால் இன்னார் என்ன வேண்டாமா?,False
2573,உலகு அறிய என்னை ஆட்கொண்டான் உலகம் என்பது உயர்ந்தோர் மாட்டே என்று கூறுவரல்லவா?,False
2574,உயர்ந்தோர் அறிய என்னை ஆட்கொண்டான்.,False
2575,"அப்படி யாயின், உன்னை எவ்வாறு ஆட்கொண்டான்?",False
2576,நீக்கி உலகறிய ஆட்கொண்டான்.,False
2577,நீக்கி என்றால் எதனை நீக்கினான்?,False
2578,ஊனத்தை நீக்கி உலகறிய என்னை ஆட்கொண்டான் என்று ஒவ்வொரு சொல்லையும் அதன்பொருள் நிலை நிரம்பச் சொல்லியருளினர்.,False
2579,இவ்வாறு அவாய்நிலைமுறையால் செய்யுட்குப் பொருளுரைக்குந்திறம் நம் அடிகளார் சொல்வன்மையின் பலநலங்களில் ஒன்றாகும்.,False
2580,இம்முறையைப் பின்பற்றிச் சொல்லப் புகுவோர் சிலர் இப்போது உளர்.,False
2581,"இனி, அடிகளார் சொற்பொழிவு செய்யும்போது அதனைக் கேட்கும் மக்களது உள்ளப்பான்மைனய அறிந்து காலத்தை நீட்டுதலும் சுருக்குதலும் செய்துகொள்வர்.",False
2582,"சீரிய கூரிய அறிவினர் பாலும் பெருகக் காணப்பெறாத இவ்விரகு, இவர்கள்பால் மிக எளிதாய் உளது.",False
2583,மக்களின் ஒழுக்கக் குறைவுகளை எடுத்தியம்பித் திருத்த முயலுமிடத்துச் சில இனிய வுரைகள் பகர்வர்.,False
2584,அக்குறையுடையாரும் அவற்றை இனிதேற்கும் முறையில் சொற்கள் தென்னுண் தேனின் தேக்கிய வாய் அமைந்து நிற்கின்றன.,False
2585,"இனி, அடிகளோடு தனித்து உரையாடுமிடத்து இனிய நயமொழிகள் போந்து உள்ளுதோறுள்ளுதோறும் உள்ளம் உருக்கி நிற்கும்.",False
2586,யான் அடிகளோடு ஒருகால் உரையாடுங்கால் துறவி யொருவரைப் பற்றிய பேச்சு நிகழ்ந்தது.,False
2587,"அப்போது, அடிகளார், முகம் மலர்ந்து, இன்பமொழுக, அவர்கள்..................",False
2588,ஆதீன சம்பிரதாயங்களை நன்கறிவார்கள்.,False
2589,எவ்வெந்நூல்களை யாராய்வது என்பதை நோக்குதற்கு மட்டில் போதிய அவகாசம் அவர்கட்குக் கிடைத்திலது என்றார்கள்.,False
2590,"அவர்கள் கூற்றின் உண்மையை, இதுபோது வெளியாகும் தமிழ் உரை நூல்களின் இழிந்த தமிழ் நடையும் பொருளுயர்வின்மையும் இனிது காட்டுகின்றன.",False
2591,இவற்றை நோக்கின் அடிகள் சமயவொழுக்கத்துக்குரிய உண்மையாராய்ச்சியோடு சிறார்களின் கல்விவளர்ச்சியிலும் மிக்கநாட்டமுடையவர் என்பது நன்கு விளங்கும்.,False
2592,இதனை நினைக்கும்போது நம் கரந்தைக் கவியரசர் அடிகளைப் பாராட்டிக் கூறிய இனிய பாட்டொன்று நினைவிற்கு வருகிறது.,False
2593,இவ்வினிய பாட்டின் நான்காவதடி யுணர்த்தும் பொருள் யாரும் குறிக்கொள்ளற்குரிய பொன் மொழியாகும்.,False
2594,"சொற்பொழிவு செய்பவர் மிகக் குறைந்த தகுதியினராயினும், அவர்க்கு அடிகள் இருபது வெண்பொற்காசுகட்குக் குறையாத தொகையருளுகின்றார்கள்.",False
2595,"அருளுங்கால், அவர்கள் இத்தொகை உங்கள் புலமையை மதிப்பிட்டுத் தருவதன்று உங்களுடைய வரவுசெலவுகட்கு வேண்டும் படிச்செலவே.",False
2596,எம்பெருமான் திரு முருகக் கடவுள் திருவருளே உங்கட்கு எல்லாம் அருளவல்லது என்பர்.,False
2597,"ஒருஞான்று, செந்தமிழ்ப் புரவலரைப் பற்றிக் கூறுங்கால், யாம் ஆண்டவனைப் பரவுமிடத்து, ஒரு சிலரை எம் உள்ளத்து உள்ளுவதுண்டு.",False
2598,"அச்சிலருள், செந்தமிழ்ப் புரவலரின் சீரிய பெயர் தலை சிறந்து நிற்கும் என்றார்கள்.",False
2599,தமிழ்ப் பொழில் .,False
2600,"இருபெரும் தமிழறிஞர்கள் உயர்திரு திருவரங்கனார், கா.",False
2601,பிள்ளை ஆகிய இரண்டு பெருமக்களின் திருவுருவப் படங்களைத் திறந்துவைக்கும் பெருமையை எனக்களித்தமைக்கு நன்றி செலுத்துகிறேன்.,False
2602,பெரியார்களின் படங்களைத் திறந்து வைப்பதைவிட மிகவும் பழகிய நண்பர்களின் படங்களைத் திறந்து வைப்பதில் எனக்குப் பெருமகிழ்ச்சியுண்டு.,False
2603,"சிந்தனையில் அறிவு வளர்ச்சியில் புதுப்பார்வை, புது உணர்ச்சி இன்று உண்டாகியிருக்கின்றன.",False
2604,நன்கு சிந்தித்தல் வேண்டும் என்ற உணர்வு தலைதூக்கி நிற்கிறது.,False
2605,எல்லாக் கலைகளையும் தமிழில் பெறவேண்டும் என்ற உணர்ச்சி இன்று தோன்றியுள்ளது.,False
2606,எல்லாக் கலைகளையும் தமிழ் மொழி வாயிலாகவே பெறவேண்டும் என்ற சூழ்நிலை உருவாகியுள்ளது.,False
2607,இந்த நல்ல சூழ்நிலைக்கு அரசியலாரும் துணை நிற்கின்றனர்.,False
2608,தமிழ் வாத்தியாருக்குத் தமிழ் தவிர வேறென்ன தெரியும் என்ற காலமொன்றிருந்தது.,False
2609,ஆங்கிலம் அறிந்தவருக்கு உலகியல் தெரியும் என்று கருப்பட்ட காலமது.,False
2610,தமிழில் ஆங்கிலத்தைக் கலந்து பேசினால் பெருமைப்பட்ட காலம் நாற்பது நாற்பத்தைந்து ஆண்டுக்கு முன்பிருந்தது.,False
2611,அந்தந்தக் காலத்தில் ஆங்கிலம் அறிந்த வர்களும் தமிழ் அறிந்தவர்களும் ஒதுங்கி வாழ்ந்தார்கள்.,False
2612,இரு சாராரும் கலந்து பழகும் வாய்ப்பு சூழ்நிலை இல்லை.,False
2613,"தமிழ் கற்றவர்களையும், ஆங்கிலம் கற்றவர்களையும் கலந்து எண்ணவைத்த முதல் தமிழன் கா.",False
2614,கேட்கும் மாணவர்கள் இக்கருத்துக்கள் தமிழ் நூல்களில் உள்ள நல்ல கருத்துக்கள் என எண்ணுவர்.,False
2615,இக் கருத்துக்கள் ஆங்கில நூல்களில் உள்ளன என எடுத்துக் கூறி மாணவர்களை வியப்பில் ஆழ்த்துவார்.,False
2616,ஆங்கில நூல்களின் கருத்துக்களைத் தமிழில் மிக நயமாக எடுத்துக் கூறுவார்கள்.,False
2617,ஆங்கிலத்தில் வல்லுநர்கள் அதன் நயத்தை நல்ல தமிழில் மிகத் தெளிவாக எடுத்துக் கூறினால் கேட்போர் தமிழிலேயே சிந்திக்கத் துவங்குவார்கள்.,False
2618,இந்த அரும் பணியை ஆரம்பத்தில் எடுத்துப் பரப்பிய முதல் தமிழ் மகன் கா.,False
2619,இதனைத் தமிழன் மறக்கமுடியாது.,False
2620,வாழ்க்கைக்கு ஏற்ற கல்வி பெறவேண்டும் என்ற உணர்ச்சியைத் தூண்டியவர் அவரே.,False
2621,"படிப்பது வேலை செய்ய என்ற சூழ்நிலை மாறி, படிப்பது அறிவுவளர என்ற சூழ்நிலை ஏற்படவேண்டு மென்று எண்ணினார்.",False
2622,அவரிடம் பயின்ற மாணவர் பலர் அரசியல் வாதிகளாக மாறிவிட்டனர்.,False
2623,இன்று அமைச்சர்களாகவும் உள்ளனர்.,False
2624,பிள்ளையவர்கள் திருமுறையில் மிகவும் ஈடுபாடு கொண்டவர்கள்.,False
2625,சிவபூசையினால்தான் அறிவில் தெளிவு பெறமுடியும் என்ற திடமான நம்பிக்கை கொண்டவர்.,False
2626,எந்தக் கருத்தையும் விரிவாகவும் சுருக்கமாகவும் கூறவேண்டும்.,False
2627,அதுதான் அறிவுத் தெளிவு என்று கூறினார்கள்.,False
2628,ஆயிரத்தில் ஒருவர் இருவர்தாம் சித்தாந்த நூல்களைப் பயில்கின்றார்கள்.,False
2629,காரணம் தமிழ் இலக்கண இலக்கியத்தில் நல்ல புலமை பெற்றிருந்தால்தான் சித்தாந்த நூல்களைப் படித்தறிய முடியும்.,False
2630,பிள்ளை அவர்கள்தாம்.,False
2631,அதேபோல் இலக்கிய வரலாறு தமிழில் முதலில் தந்தவர் எம்.,False
2632,ஆங்கிலத்தில் தமிழ் இலக்கிய வரலாறு இயற்றியவர் எம்.,False
2633,பூரணலிங்கம் பிள்ளையவர்கள்.,False
2634,தமிழகத்தில் கற்றோர்க்கு அணியாகத் திகழ்ந்தவர் கா.,False
2635,இயற்கையறிவின் வரிவடிவம்தான் திருவரங்கனார்.,False
2636,செயற்கரிய காரியமாற்றுவதில் நுண்மாண் நுழைபுல மிக்கவர்கள்.,False
2637,கழக வாயிலாகத் தமிழில் உள்ள நூல்கள் அனைத்தும் வெளிவரவேண்டுமெனத் திருவரங்கனார் எண்ண மிட்டார்கள்.,False
2638,எடுத்த காரியத்தை முடிக்கப் பெருமுயற்சி மேற் கொள்வார்கள்.,False
2639,திருவரங்கனார் அவர்கள் கழகத்தைத் துவங்கிய காலத்தில் மிக அஞ்சாநெஞ்சத்தோடு தொடங்கினார்கள்.,False
2640,"தொல்காப்பியம் எழுத்ததிகாரம், தேவாரம் ஆகிய நூல்களைக் கண்ணைப் பறிக்கும் விதத்தில் அந்தக் காலத்திலேயே வெளியிட்டார்கள்.",False
2641,வெள்ளித் தகட்டில் பொன்னெழுத்துக்களில் பொறித்தாற்போல இந் நூல் களைப் பதிப்பித்தார்கள்.,False
2642,அப்போது மூவர் தேவாரத்தின் விலை ரூ.,False
2643,என எண்ணுகிறேன்.,False
2644,அந்தக் காலத்தில் அவ்வளவு விலை கொடுத்து நூல்கள் வாங்குவோர் மிகக் குறைவு.,False
2645,திருவரங்கனார் கூறுவார் புத்தக மதிப்புக்கன்று இந்த வில்லை.,False
2646,வாங்குகிறார்களோ இல்லையோ அது வேறு.,False
2647,அழகான காகிதத்தில் அச்சிட வேண்டும்.,False
2648,நூல்களின் மதிப்பு தரம் குறையக் கூடாது.,False
2649,இப்படிப் போனால் லாபம் வராதே என்று சிலர் குறைபட்டுக் கொண்டனர்.,False
2650,ஆனால் திருவரங்கனார் அஞ்சாமல் காரியமாற்றினார்.,False
2651,தான் ஈடுபட்ட தமிழ்த் தொண்டில் தம் இளவலையும் ஈடுபடுத்தினார்.,False
2652,வேறு துறைக்குப் பயின்ற திரு.,False
2653,சுப்பையா பிள்ளை யைத் தம்மோடு அழைத்துத் தம் துறையில் புகுத்தினார்.,False
2654,அதன் விளைவு தமிழ்நாட்டுக்குப் பெரும் பயனாக அமைந்தது.,False
2655,தவங் கிடந்தார் திருவரங்கனார்.,False
2656,தவப் பயனாக வந்தவர் சுப்பையா பிள்ளை.,False
2657,"அவர்கள் எந்த வேகத்தோடு எந்த ஊக்கத்தோடு பணி யாற்றினார்களோ, அந்த வேகத்தில் அந்த ஊக்கத்தோடு அவர் தம்பியும் பணியாற்றுகிறார்.",False
2658,"உடலைக் கொடுத்து, உயிரைக் கொடுத்து உழைக்கும் ஒரு தம்பியைப் பெற்றார் என்றால் அதுமிகை இல்லை.",False
2659,தாமும் தம் உடன் பிறந்தாரும் கழகத்திற்கே உரியவர்களாகி அதன் மூலம் தமிழ் மணம் எங்கம் பரப்பி வருகிறார்கள்.,False
2660,இன்று எழுந்துள்ள திருவரங்கனார் நிலையக் கட்டிடம் அவர்களின் உழைப்பின் பலனாகும்.,False
2661,"அன்னார் திருவுள்ளம் போல் கழகம் மேலும் மேலும் வளர்க, வாழ்க என வாழ்த்துகிறேன்.",False
2662,செய்தி மடலில் ஓர் இனிய காட்சி செய்தி மடல் என்பது சக்தி சர்க்கரை ஆலையிலிருந்து வெளிவரும் திங்கள் வெளியீடு.,False
2663,இவ்வாண்டு சூலைத் திங்கள் வெளியீட்டில் பல காட்சிகள் தோன்றிக் காண்பார்க்கும் படிப்பவர் க்கும் இன்பம் செய்கின்றன.,False
2664,அவற்றுள் ஓன்று ஆலைத் தொழிலாளர் ஒருவர்க்கு நடந்த திருமணக் காட்சி.,False
2665,"அது, பார்த்து மகிழ்ந்த என் மனத்தைப் பரவசப் படுத்தியதுடன் நல்ல பல எண்ணங்களைத் தூண்டி விட்டது.",False
2666,"ஆலை முதல்வர், அருள்வள்ளல் திரு நா.",False
2667,மகாலிங்கம் அவர்கள் மணமகனுக்குப் பரிசு வழங்கும் அரிய காட்சி.,False
2668,"இதனால், இருதிறத்தார்க்கும் படமெடுப்பதில் கருத்தில்லாமை இனிது விளங்குகிறது.",False
2669,பரிசு பெறுவோர் வழங்குபவரின் பெருந்தன்மையை வியக்கின்றார்கள்.,False
2670,வழங்குகிற வள்ளல் பெறுவோரின் இன்முகம் கண்டு உவகை நிறைந்த உள்ளத்தராய் அகம் மலர்கின்றார்.,False
2671,பரிசு வழங்கும் வள்ளால் திரு.,False
2672,மகாலிங்கம் அவர்கள் உலவாப் புகழ் பெற்ற ஒரு பெருந் தொழிலதிபர்.,False
2673,பரிசு பெறுவோர் அவ்வள்ளலின் தொழில் நிறுவனங்களில் வேலை செய்யும் தொழி லாளர் பல்லாயிரவருள் ஒருவர்.,False
2674,இந்தக் காட்சியின் உள்ளீடாக இருப்பது பெரிய தொழிலதிபர்க்கும் எளிய தொழிலாளிக்கும் இடையே நிலவும் உண்மையன்புத் தொடர்பாகும்.,False
2675,மேலை நாட்டுத் தொழிலதிபர்கள் தொடக்கத்தில் பொருளாசைப் பேய் பிடித்துத் தொழிலாளர்களை விலங்கினும் கீழாக மிதித்துக் கொடுமை செய்தனர்.,False
2676,"அதனால், தொழிலாளர் உள்ளத்தில் தொழிலதிபர் முதல்வர் ஆகியோர் மேல் உண்டான வெறுப்புப் பின்னர்ப் பகைமையாய்க் கேடு செய்ய லுற்றது.",False
2677,நம் நாட்டுத் தொழிலதிபர்கள் தொழில் வளர்க்கத் தொடங்கியபோது அத்தகைய தீமைக்கு இடமில்லாமல் இருந்தது.,False
2678,தொழிலதிபரும் தொழிலாளர்பால் அருளுள்ளமும தொழிலாளர் அறவுணர்வும் கொண்டு பொருட் பெருக்கத்துக்குப் பாடுபட்டனர்.,False
2679,இருபாலாரிடத்தும் முகிழ்த்து மலர்ந்து நறுமணம் கமழ்ந்தது தொழில் வளம்.,False
2680,வேலை நிறுத்த வுருவிலும் அரசியற் கட்சிப் பூசலுருவிலும் உற்பத்திப் பெருக்கத்துக்கு அத்தீய சக்திகள் தீது புரிகின்றன.,False
2681,பொருள் உற்பத்தி மிகப் பெருகும் நம் நாடும் பொன்னாடாகும்.,False
2682,செந்தமிழ்ச் செல்வி .,False
2683,அதற்குக் கூடு கட்டுவதாகிய அச்செயலைக் கற்றுக்கொடுத்தவர் யார்?,False
2684,"ஆனால், அதற்குக் காரணம் ஒன்று உண்டு.",False
2685,அஃது அதற்குத் தானாகவே ஏற்பட்டுள்ள ஒரு குணம் இயற்கையறிவு .,False
2686,"மனிதன் மட்டும் காரணத்துடன் வேலை செய்யவில்லை சில தந்திரமான பிராணிகளும், நுண்ணறிவு படைத்த மிருகங்களும் காரணங்கண்டு உழைக்கின்றன.",False
2687,அவற்றுள் சிறப்புடையவை யானையும் நாயுமாகும்.,False
2688,"அவை செய்யும் தொழில்கள் சிலவற்றை உற்றுநோக்கின், காரணமின்றித் தாமாகவே செய்தல் அவற்றிற்கு இயலாதென்பது உள்ளங்கை நெல்லிக்கனிபோல் தெளிவாய் விளங்கும்.",False
2689,"உயிர்களுள், மக்களுயிர் ஒழிய ஏனையவற்றுள், மிக்க நுண்ணறிவு உடையது யானை என்றே கூறலாம்.",False
2690,அந்நுண்ணறிவை விளக்கும் கதைகள் மிகப்பல கூறப்படுகின்றன.,False
2691,பழகிய யானையின் செய்வகை களை என்னென்று கூறமுடியும்!,False
2692,"ஓர் யானை மரக்கட்டை யொன்றைத் தூக்கி வைக்கவேண்டிய விடத்தில் சிறிதும் தவறுதலின்றி வைக்குமானால், அவ்யானையின் மதிநுட்பத்தை என்னென்பது?",False
2693,"அதற்குச் சிந்திக்கும் சக்தி யில்லையானால், இவ்வாறு செய்தல் கூடுமா?",False
2694,ஒரு சிற்றெறும்பை எடுத்துக்கொள்வோம்.,False
2695,அதனுடைய நுண்ணறிவு வியப்புத் தருவதாகிறது.,False
2696,இதைக் குறித்ததொரு கதையும் உண்டு.,False
2697,"இது கதையாயினும், இதன்கட் கூறப்படும் நிகழ்ச்சிகள் உண்மையாய் நடப்பனவேயாகும்.",False
2698,"உயிர்நூலறிஞர் ஒருவர், ஒருநாள் தம்முடைய வீட்டிலிருந்த சர்க்கரைப் பாத்திரத்தில் எறும்புகள் நிறைந்திருக்கக் கண்டார்.",False
2699,"உடனே தம்முடைய மேசையின் மீது அப்பாத்திரத்தை வைத்து, மேசைக்கும் சுவருக்கும் சம்பந்த மின்றி விலக வைத்துவிட்டார்.",False
2700,சிறிது நேரத்துக்கெல்லாம் எறும்புகள் அங்கே வந்து சூழ்ந்துகொண்டன.,False
2701,"பிறகு, அவற்றை முற்றிலும் ஓட்டிவிட்டு, அப்பாத்திரத்தைக் கொண்டு சென்று ஓர் உரியின்மீது வைத்தார்.",False
2702,"அங்கும், அவை சுவரின் வழியாகச் சென்று உரிக்கயிற்றின்மூலம் ஊர்ந்துவந்து குழுமிவிட்டன.",False
2703,என்ன செய்வார்?,False
2704,மறுபடியும் ஓர் உயர்ந்த பீடத்தின்மீது நீர்நிறைந்த தட்டொன்றின் நடுவில் அப்பாத்திரத்தை வைத்தார் ஆனால் அப்பாத்திரத்தின் வாயைத் திறந்து வைத்திருந்தார்..,False
2705,எறும்பனைத்தும் தட்டின் அருகில் வந்தன பார்த்தன யோசித்தன.,False
2706,அப் பாத்திரம் வைக்கப்பட்டிருந்த இடத்திற்கு நேர்மேற்புறச் சுவரில் ஒரு துவாரமிருந்தது.,False
2707,அதன் மூலம் ஒவ்வோர் எறும்பும் ஏறிவந்து சர்க்கரைப் பாத்திரத்துள் துணிச்சலுடன் குதித்தது.,False
2708,மறுநாள் அந்த அறிஞர் பாத்திரத்துள் எறும்புகள் இருக்கக் கண்டு பேராச்சரியம் கொண்டார்.,False
2709,இப்பொழுது சிற்றெறும்புகள் யாது செய்தன?,False
2710,"சில வைக்கோல்களையும், இலைகளையும் கொணர்ந்து, தட்டிற்கு வெளியிலிருந்து, பாத்திரம் வரைக்கும் பாலம்போன்ற ஒரு பாதை கட்டி முடித்தன.",False
2711,என்ன நுண்ணறிவு பார்மின்!,False
2712,பின்னர் அவையனைத்தும் பாத்திரத்தை அடைந்தன.,False
2713,"உயிர்நூலறிஞர் அவற்றின் உலையா முயற்சியினையும், அறிவின் ஒட்பத்தையும் கண்டு பிரமித்துவிட்டனராம்.",False
2714,எறும்பிற்கு அடுத்ததாக இடையனுடைய நாயைக் கூறலாம்.,False
2715,தலைவனிடும் பணிகளைத் தவறின்றிச் செய்யும் தகுதிப்பாடு மிகவுடையது.,False
2716,"குதிரையும், குரங்கும் மேற்கூறியவற்றைப்போல் அவ்வளவு நுண்ணறிவு உடையவல்ல எனினும் அவை தந்திரம் மட்டும் சிறிது உடைய எனக் கூறலாம்.",False
2717,"ஆகவே, உயிர்வகைதோறும் நுண்ணறிவு உளதென்பது இதனாற் கூறியவாறாம்.",False
2718,"அடிகளார் பாலசுந்தரமாகவும், இளவழகனாராகவும் இருந்து அரிய தமிழ்ப் பணி ஆற்றியது எனக்கு நினைவில் வருகிறது.",False
2719,அன்று கரந்தைத் தமிழ்ச் சங்க ஆண்டு விழாவில் சிவத்திரு.,False
2720,மறைமலை யடிகள் தலைமை தாங்கிய போது அவரோடு உடன் வந்து உடனிருந்து செய்த இனிய சொற்பொழிவு மறக்கத்தக்க தன்று.,False
2721,சங்க இலக்கிய இன்கவித்திரட்டின் முதற்பகுதி அச்சாகிய காலத்தே அதன்நலங்கண்டு மிக்க இன்புற்றவர்களில் நானும் ஒருவன்.,False
2722,அவரைக் காணும் போதெல்லாம் எனக்கு என்னையறி யாமலே ஓர் நன்மதிப்பும் அன்பும் உண்டாகும்.,False
2723,"அண்மையில் அடிகளாரும் நானும் திருப்புத்தூரில் கலந்து உரையாடிய போது, திருக்குறட் குருகுலம் உருவாகியிருப்பது கேட்டறிந்து பெருமகிழ்ச்சி கொண்டேன்.",False
2724,மாம்பாக்கத்தில் அக் குருகுலம் தோன்றி அரும்பணி புரிந்து வருவது அறிய என்மனம் மட்டிலா மகிழ்ச்சி கொண்டது.,False
2725,பெரிதே உலகம் பேணுநர் பலரே என்ற சங்கச் சான்றோரது உரை மெய்ம்மை யுரையாவது கண்டேன்.,False
2726,"அடிகளார் பணிந்த நடையும், வணங்கிய மொழியும், இணங்கிய முகப் பொலிவும் உடையர்.",False
2727,யாரொடும் இனிமை கனியப் பேசும் இயல்பினர்.,False
2728,அடிகளாரின் கையெழுத்து எனக்கு உயர்திரு மறைமலையடிகளாரின் கையெழுத்தை நினைப்பிக்கும்.,False
2729,குரலிசையும் மறைமலை யடிகளாரின் நெருங்கிய தொடர்பால் மாறியிருக்குமோ என்று எண்ணி ஒரு முறை அவரையே கேட்டு விட்டேன்.,False
2730,"மறைமலையடிகளார் அதற்கு விடைகூறாமல் நகைத்து, இளவழகனுக்குத் துறவுள்ளம் உண்டு என்றார்கள்.",False
2731,அரிய கருத்தமைந்த நூற்பொருளை விளக்குவதில் குருகுலம் அடிகளார் ஒருதனிநலம் வாய்ந்தவர்.,False
2732,எதனையும் நன்கு எண்ணித் தெளிவு கொண்ட பின்பே வெளியிடுவர்.,False
2733,வெளியிடுங்கால் இடையிடையே எழும் ஐயங்களையும் தாமே எண்ணித் தெளிவு படுத்துவர்.,False
2734,குருகுலம் அடிகளார் ஒழுக்கம் விழுப்பம் தரும் என்பதில் உறுதியான கடைப்பிடியுடையர்.,False
2735,அதன் விளைநிலமாக மாம்பாக்கம் குருகுலம் அமைந்துள்ளது.,False
2736,தவச்செல்வராகிய அடிகள் இவ்வகையில் பெருவெற்றி எய்தியவராதலால் அவரது மணி விழா மாண்புடைய விழாவாகும்.,False
2737,நச்சினார்க்கினியர் உரையும் இக்கருத்தை வலியுறுத்துகின்றது.,False
2738,வியாசபாடியமும் தத்துவ வைசாரதியும் அத்த சாலினி பக்.,False
2739,பச்சையப்பர் கல்லூரிப் பேராசிரியரும் மறைமலையாரின் மாணவருமான மணி.,False
2740,திருநாவுக்கரசரின் தம்பி மணி.,False
2741,வேலூர் மகந்தை உயிர்நிலைப்பள்ளித் தலையாசிரியர்.,False
2742,ஆங்கிலத்தில் சிறந்த பேச்சாளர்.,False
2743,"இதிகாசங்கள் என்ற தலைப்பில், இதன் சுருக்கம், திருச்சி அகில இந்திய வானொலி நிலையத்தால் ஒலிபரப்பப்பட்டது.",False
